-70.00	 -30.00
-69.50	 -30.00
-69.00	 -30.00
-68.50	 -30.00
-68.00	 -30.00
-67.50	 -30.00
-67.00	 -30.00
-66.50	 -30.00
-66.00	 -30.00
-65.50	 -30.00
-65.00	 -30.00
-64.50	 -30.00
-64.00	 -30.00
-63.50	 -30.00
-63.00	 -30.00
-62.50	 -30.00
-62.00	 -30.00
-61.50	 -30.00
-61.00	 -30.00
-60.50	 -30.00
-60.00	 -30.00
-59.50	 -30.00
-59.00	 -30.00
-58.50	 -30.00
-58.00	 -30.00
-57.50	 -30.00
-57.00	 -30.00
-56.50	 -30.00
-56.00	 -30.00
-55.50	 -30.00
-55.00	 -30.00
-54.50	 -30.00
-54.00	 -30.00
-53.50	 -30.00
-53.00	 -30.00
-52.50	 -30.00
-52.00	 -30.00
-51.50	 -30.00
-51.00	 -30.00
-50.50	 -30.00
-50.00	 -30.00
-49.50	 -30.00
-49.00	 -30.00
-48.50	 -30.00
-48.00	 -30.00
-47.50	 -30.00
-47.00	 -30.00
-46.50	 -30.00
-46.00	 -30.00
-45.50	 -30.00
-45.00	 -30.00
-44.50	 -30.00
-44.00	 -30.00
-43.50	 -30.00
-43.00	 -30.00
-42.50	 -30.00
-42.00	 -30.00
-41.50	 -30.00
-41.00	 -30.00
-40.50	 -30.00
-40.00	 -30.00
-39.50	 -30.00
-39.00	 -30.00
-38.50	 -30.00
-38.00	 -30.00
-37.50	 -30.00
-37.00	 -30.00
-36.50	 -30.00
-36.00	 -30.00
-35.50	 -30.00
-35.00	 -30.00
-34.50	 -30.00
-34.00	 -30.00
-33.50	 -30.00
-33.00	 -30.00
-32.50	 -30.00
-32.00	 -30.00
-31.50	 -30.00
-31.00	 -30.00
-30.50	 -30.00
-30.00	 -30.00
-29.50	 -30.00
-29.00	 -30.00
-28.50	 -30.00
-28.00	 -30.00
-27.50	 -30.00
-27.00	 -30.00
-26.50	 -30.00
-26.00	 -30.00
-25.50	 -30.00
-25.00	 -30.00
-24.50	 -30.00
-24.00	 -30.00
-23.50	 -30.00
-23.00	 -30.00
-22.50	 -30.00
-22.00	 -30.00
-21.50	 -30.00
-21.00	 -30.00
-20.50	 -30.00
-20.00	 -30.00
-19.50	 -30.00
-19.00	 -30.00
-18.50	 -30.00
-18.00	 -30.00
-17.50	 -30.00
-17.00	 -30.00
-16.50	 -30.00
-16.00	 -30.00
-15.50	 -30.00
-15.00	 -30.00
-14.50	 -30.00
-14.00	 -30.00
-13.50	 -30.00
-13.00	 -30.00
-12.50	 -30.00
-12.00	 -30.00
-11.50	 -30.00
-11.00	 -30.00
-10.50	 -30.00
-10.00	 -30.00
 -9.50	 -30.00
 -9.00	 -30.00
 -8.50	 -30.00
 -8.00	 -30.00
 -7.50	 -30.00
 -7.00	 -30.00
 -6.50	 -30.00
 -6.00	 -30.00
 -5.50	 -30.00
 -5.00	 -30.00
 -4.50	 -30.00
 -4.00	 -30.00
 -3.50	 -30.00
 -3.00	 -30.00
 -2.50	 -30.00
 -2.00	 -30.00
 -1.50	 -30.00
 -1.00	 -30.00
 -0.50	 -30.00
  0.00	 -30.00
  0.50	 -30.00
  1.00	 -30.00
  1.50	 -30.00
  2.00	 -30.00
  2.50	 -30.00
  3.00	 -30.00
-70.00	 -29.50
-69.50	 -29.50
-69.00	 -29.50
-68.50	 -29.50
-68.00	 -29.50
-67.50	 -29.50
-67.00	 -29.50
-66.50	 -29.50
-66.00	 -29.50
-65.50	 -29.50
-65.00	 -29.50
-64.50	 -29.50
-64.00	 -29.50
-63.50	 -29.50
-63.00	 -29.50
-62.50	 -29.50
-62.00	 -29.50
-61.50	 -29.50
-61.00	 -29.50
-60.50	 -29.50
-60.00	 -29.50
-59.50	 -29.50
-59.00	 -29.50
-58.50	 -29.50
-58.00	 -29.50
-57.50	 -29.50
-57.00	 -29.50
-56.50	 -29.50
-56.00	 -29.50
-55.50	 -29.50
-55.00	 -29.50
-54.50	 -29.50
-54.00	 -29.50
-53.50	 -29.50
-53.00	 -29.50
-52.50	 -29.50
-52.00	 -29.50
-51.50	 -29.50
-51.00	 -29.50
-50.50	 -29.50
-50.00	 -29.50
-49.50	 -29.50
-49.00	 -29.50
-48.50	 -29.50
-48.00	 -29.50
-47.50	 -29.50
-47.00	 -29.50
-46.50	 -29.50
-46.00	 -29.50
-45.50	 -29.50
-45.00	 -29.50
-44.50	 -29.50
-44.00	 -29.50
-43.50	 -29.50
-43.00	 -29.50
-42.50	 -29.50
-42.00	 -29.50
-41.50	 -29.50
-41.00	 -29.50
-40.50	 -29.50
-40.00	 -29.50
-39.50	 -29.50
-39.00	 -29.50
-38.50	 -29.50
-38.00	 -29.50
-37.50	 -29.50
-37.00	 -29.50
-36.50	 -29.50
-36.00	 -29.50
-35.50	 -29.50
-35.00	 -29.50
-34.50	 -29.50
-34.00	 -29.50
-33.50	 -29.50
-33.00	 -29.50
-32.50	 -29.50
-32.00	 -29.50
-31.50	 -29.50
-31.00	 -29.50
-30.50	 -29.50
-30.00	 -29.50
-29.50	 -29.50
-29.00	 -29.50
-28.50	 -29.50
-28.00	 -29.50
-27.50	 -29.50
-27.00	 -29.50
-26.50	 -29.50
-26.00	 -29.50
-25.50	 -29.50
-25.00	 -29.50
-24.50	 -29.50
-24.00	 -29.50
-23.50	 -29.50
-23.00	 -29.50
-22.50	 -29.50
-22.00	 -29.50
-21.50	 -29.50
-21.00	 -29.50
-20.50	 -29.50
-20.00	 -29.50
-19.50	 -29.50
-19.00	 -29.50
-18.50	 -29.50
-18.00	 -29.50
-17.50	 -29.50
-17.00	 -29.50
-16.50	 -29.50
-16.00	 -29.50
-15.50	 -29.50
-15.00	 -29.50
-14.50	 -29.50
-14.00	 -29.50
-13.50	 -29.50
-13.00	 -29.50
-12.50	 -29.50
-12.00	 -29.50
-11.50	 -29.50
-11.00	 -29.50
-10.50	 -29.50
-10.00	 -29.50
 -9.50	 -29.50
 -9.00	 -29.50
 -8.50	 -29.50
 -8.00	 -29.50
 -7.50	 -29.50
 -7.00	 -29.50
 -6.50	 -29.50
 -6.00	 -29.50
 -5.50	 -29.50
 -5.00	 -29.50
 -4.50	 -29.50
 -4.00	 -29.50
 -3.50	 -29.50
 -3.00	 -29.50
 -2.50	 -29.50
 -2.00	 -29.50
 -1.50	 -29.50
 -1.00	 -29.50
 -0.50	 -29.50
  0.00	 -29.50
  0.50	 -29.50
  1.00	 -29.50
  1.50	 -29.50
  2.00	 -29.50
  2.50	 -29.50
  3.00	 -29.50
-70.00	 -29.00
-69.50	 -29.00
-69.00	 -29.00
-68.50	 -29.00
-68.00	 -29.00
-67.50	 -29.00
-67.00	 -29.00
-66.50	 -29.00
-66.00	 -29.00
-65.50	 -29.00
-65.00	 -29.00
-64.50	 -29.00
-64.00	 -29.00
-63.50	 -29.00
-63.00	 -29.00
-62.50	 -29.00
-62.00	 -29.00
-61.50	 -29.00
-61.00	 -29.00
-60.50	 -29.00
-60.00	 -29.00
-59.50	 -29.00
-59.00	 -29.00
-58.50	 -29.00
-58.00	 -29.00
-57.50	 -29.00
-57.00	 -29.00
-56.50	 -29.00
-56.00	 -29.00
-55.50	 -29.00
-55.00	 -29.00
-54.50	 -29.00
-54.00	 -29.00
-53.50	 -29.00
-53.00	 -29.00
-52.50	 -29.00
-52.00	 -29.00
-51.50	 -29.00
-51.00	 -29.00
-50.50	 -29.00
-50.00	 -29.00
-49.50	 -29.00
-49.00	 -29.00
-48.50	 -29.00
-48.00	 -29.00
-47.50	 -29.00
-47.00	 -29.00
-46.50	 -29.00
-46.00	 -29.00
-45.50	 -29.00
-45.00	 -29.00
-44.50	 -29.00
-44.00	 -29.00
-43.50	 -29.00
-43.00	 -29.00
-42.50	 -29.00
-42.00	 -29.00
-41.50	 -29.00
-41.00	 -29.00
-40.50	 -29.00
-40.00	 -29.00
-39.50	 -29.00
-39.00	 -29.00
-38.50	 -29.00
-38.00	 -29.00
-37.50	 -29.00
-37.00	 -29.00
-36.50	 -29.00
-36.00	 -29.00
-35.50	 -29.00
-35.00	 -29.00
-34.50	 -29.00
-34.00	 -29.00
-33.50	 -29.00
-33.00	 -29.00
-32.50	 -29.00
-32.00	 -29.00
-31.50	 -29.00
-31.00	 -29.00
-30.50	 -29.00
-30.00	 -29.00
-29.50	 -29.00
-29.00	 -29.00
-28.50	 -29.00
-28.00	 -29.00
-27.50	 -29.00
-27.00	 -29.00
-26.50	 -29.00
-26.00	 -29.00
-25.50	 -29.00
-25.00	 -29.00
-24.50	 -29.00
-24.00	 -29.00
-23.50	 -29.00
-23.00	 -29.00
-22.50	 -29.00
-22.00	 -29.00
-21.50	 -29.00
-21.00	 -29.00
-20.50	 -29.00
-20.00	 -29.00
-19.50	 -29.00
-19.00	 -29.00
-18.50	 -29.00
-18.00	 -29.00
-17.50	 -29.00
-17.00	 -29.00
-16.50	 -29.00
-16.00	 -29.00
-15.50	 -29.00
-15.00	 -29.00
-14.50	 -29.00
-14.00	 -29.00
-13.50	 -29.00
-13.00	 -29.00
-12.50	 -29.00
-12.00	 -29.00
-11.50	 -29.00
-11.00	 -29.00
-10.50	 -29.00
-10.00	 -29.00
 -9.50	 -29.00
 -9.00	 -29.00
 -8.50	 -29.00
 -8.00	 -29.00
 -7.50	 -29.00
 -7.00	 -29.00
 -6.50	 -29.00
 -6.00	 -29.00
 -5.50	 -29.00
 -5.00	 -29.00
 -4.50	 -29.00
 -4.00	 -29.00
 -3.50	 -29.00
 -3.00	 -29.00
 -2.50	 -29.00
 -2.00	 -29.00
 -1.50	 -29.00
 -1.00	 -29.00
 -0.50	 -29.00
  0.00	 -29.00
  0.50	 -29.00
  1.00	 -29.00
  1.50	 -29.00
  2.00	 -29.00
  2.50	 -29.00
  3.00	 -29.00
-70.00	 -28.50
-69.50	 -28.50
-69.00	 -28.50
-68.50	 -28.50
-68.00	 -28.50
-67.50	 -28.50
-67.00	 -28.50
-66.50	 -28.50
-66.00	 -28.50
-65.50	 -28.50
-65.00	 -28.50
-64.50	 -28.50
-64.00	 -28.50
-63.50	 -28.50
-63.00	 -28.50
-62.50	 -28.50
-62.00	 -28.50
-61.50	 -28.50
-61.00	 -28.50
-60.50	 -28.50
-60.00	 -28.50
-59.50	 -28.50
-59.00	 -28.50
-58.50	 -28.50
-58.00	 -28.50
-57.50	 -28.50
-57.00	 -28.50
-56.50	 -28.50
-56.00	 -28.50
-55.50	 -28.50
-55.00	 -28.50
-54.50	 -28.50
-54.00	 -28.50
-53.50	 -28.50
-53.00	 -28.50
-52.50	 -28.50
-52.00	 -28.50
-51.50	 -28.50
-51.00	 -28.50
-50.50	 -28.50
-50.00	 -28.50
-49.50	 -28.50
-49.00	 -28.50
-48.50	 -28.50
-48.00	 -28.50
-47.50	 -28.50
-47.00	 -28.50
-46.50	 -28.50
-46.00	 -28.50
-45.50	 -28.50
-45.00	 -28.50
-44.50	 -28.50
-44.00	 -28.50
-43.50	 -28.50
-43.00	 -28.50
-42.50	 -28.50
-42.00	 -28.50
-41.50	 -28.50
-41.00	 -28.50
-40.50	 -28.50
-40.00	 -28.50
-39.50	 -28.50
-39.00	 -28.50
-38.50	 -28.50
-38.00	 -28.50
-37.50	 -28.50
-37.00	 -28.50
-36.50	 -28.50
-36.00	 -28.50
-35.50	 -28.50
-35.00	 -28.50
-34.50	 -28.50
-34.00	 -28.50
-33.50	 -28.50
-33.00	 -28.50
-32.50	 -28.50
-32.00	 -28.50
-31.50	 -28.50
-31.00	 -28.50
-30.50	 -28.50
-30.00	 -28.50
-29.50	 -28.50
-29.00	 -28.50
-28.50	 -28.50
-28.00	 -28.50
-27.50	 -28.50
-27.00	 -28.50
-26.50	 -28.50
-26.00	 -28.50
-25.50	 -28.50
-25.00	 -28.50
-24.50	 -28.50
-24.00	 -28.50
-23.50	 -28.50
-23.00	 -28.50
-22.50	 -28.50
-22.00	 -28.50
-21.50	 -28.50
-21.00	 -28.50
-20.50	 -28.50
-20.00	 -28.50
-19.50	 -28.50
-19.00	 -28.50
-18.50	 -28.50
-18.00	 -28.50
-17.50	 -28.50
-17.00	 -28.50
-16.50	 -28.50
-16.00	 -28.50
-15.50	 -28.50
-15.00	 -28.50
-14.50	 -28.50
-14.00	 -28.50
-13.50	 -28.50
-13.00	 -28.50
-12.50	 -28.50
-12.00	 -28.50
-11.50	 -28.50
-11.00	 -28.50
-10.50	 -28.50
-10.00	 -28.50
 -9.50	 -28.50
 -9.00	 -28.50
 -8.50	 -28.50
 -8.00	 -28.50
 -7.50	 -28.50
 -7.00	 -28.50
 -6.50	 -28.50
 -6.00	 -28.50
 -5.50	 -28.50
 -5.00	 -28.50
 -4.50	 -28.50
 -4.00	 -28.50
 -3.50	 -28.50
 -3.00	 -28.50
 -2.50	 -28.50
 -2.00	 -28.50
 -1.50	 -28.50
 -1.00	 -28.50
 -0.50	 -28.50
  0.00	 -28.50
  0.50	 -28.50
  1.00	 -28.50
  1.50	 -28.50
  2.00	 -28.50
  2.50	 -28.50
-70.00	 -28.00
-69.50	 -28.00
-69.00	 -28.00
-68.50	 -28.00
-68.00	 -28.00
-67.50	 -28.00
-67.00	 -28.00
-66.50	 -28.00
-66.00	 -28.00
-65.50	 -28.00
-65.00	 -28.00
-64.50	 -28.00
-64.00	 -28.00
-63.50	 -28.00
-63.00	 -28.00
-62.50	 -28.00
-62.00	 -28.00
-61.50	 -28.00
-61.00	 -28.00
-60.50	 -28.00
-60.00	 -28.00
-59.50	 -28.00
-59.00	 -28.00
-58.50	 -28.00
-58.00	 -28.00
-57.50	 -28.00
-57.00	 -28.00
-56.50	 -28.00
-56.00	 -28.00
-55.50	 -28.00
-55.00	 -28.00
-54.50	 -28.00
-54.00	 -28.00
-53.50	 -28.00
-53.00	 -28.00
-52.50	 -28.00
-52.00	 -28.00
-51.50	 -28.00
-51.00	 -28.00
-50.50	 -28.00
-50.00	 -28.00
-49.50	 -28.00
-49.00	 -28.00
-48.50	 -28.00
-48.00	 -28.00
-47.50	 -28.00
-47.00	 -28.00
-46.50	 -28.00
-46.00	 -28.00
-45.50	 -28.00
-45.00	 -28.00
-44.50	 -28.00
-44.00	 -28.00
-43.50	 -28.00
-43.00	 -28.00
-42.50	 -28.00
-42.00	 -28.00
-41.50	 -28.00
-41.00	 -28.00
-40.50	 -28.00
-40.00	 -28.00
-39.50	 -28.00
-39.00	 -28.00
-38.50	 -28.00
-38.00	 -28.00
-37.50	 -28.00
-37.00	 -28.00
-36.50	 -28.00
-36.00	 -28.00
-35.50	 -28.00
-35.00	 -28.00
-34.50	 -28.00
-34.00	 -28.00
-33.50	 -28.00
-33.00	 -28.00
-32.50	 -28.00
-32.00	 -28.00
-31.50	 -28.00
-31.00	 -28.00
-30.50	 -28.00
-30.00	 -28.00
-29.50	 -28.00
-29.00	 -28.00
-28.50	 -28.00
-28.00	 -28.00
-27.50	 -28.00
-27.00	 -28.00
-26.50	 -28.00
-26.00	 -28.00
-25.50	 -28.00
-25.00	 -28.00
-24.50	 -28.00
-24.00	 -28.00
-23.50	 -28.00
-23.00	 -28.00
-22.50	 -28.00
-22.00	 -28.00
-21.50	 -28.00
-21.00	 -28.00
-20.50	 -28.00
-20.00	 -28.00
-19.50	 -28.00
-19.00	 -28.00
-18.50	 -28.00
-18.00	 -28.00
-17.50	 -28.00
-17.00	 -28.00
-16.50	 -28.00
-16.00	 -28.00
-15.50	 -28.00
-15.00	 -28.00
-14.50	 -28.00
-14.00	 -28.00
-13.50	 -28.00
-13.00	 -28.00
-12.50	 -28.00
-12.00	 -28.00
-11.50	 -28.00
-11.00	 -28.00
-10.50	 -28.00
-10.00	 -28.00
 -9.50	 -28.00
 -9.00	 -28.00
 -8.50	 -28.00
 -8.00	 -28.00
 -7.50	 -28.00
 -7.00	 -28.00
 -6.50	 -28.00
 -6.00	 -28.00
 -5.50	 -28.00
 -5.00	 -28.00
 -4.50	 -28.00
 -4.00	 -28.00
 -3.50	 -28.00
 -3.00	 -28.00
 -2.50	 -28.00
 -2.00	 -28.00
 -1.50	 -28.00
 -1.00	 -28.00
 -0.50	 -28.00
  0.00	 -28.00
  0.50	 -28.00
  1.00	 -28.00
  1.50	 -28.00
  2.00	 -28.00
  2.50	 -28.00
-70.00	 -27.50
-69.50	 -27.50
-69.00	 -27.50
-68.50	 -27.50
-68.00	 -27.50
-67.50	 -27.50
-67.00	 -27.50
-66.50	 -27.50
-66.00	 -27.50
-65.50	 -27.50
-65.00	 -27.50
-64.50	 -27.50
-64.00	 -27.50
-63.50	 -27.50
-63.00	 -27.50
-62.50	 -27.50
-62.00	 -27.50
-61.50	 -27.50
-61.00	 -27.50
-60.50	 -27.50
-60.00	 -27.50
-59.50	 -27.50
-59.00	 -27.50
-58.50	 -27.50
-58.00	 -27.50
-57.50	 -27.50
-57.00	 -27.50
-56.50	 -27.50
-56.00	 -27.50
-55.50	 -27.50
-55.00	 -27.50
-54.50	 -27.50
-54.00	 -27.50
-53.50	 -27.50
-53.00	 -27.50
-52.50	 -27.50
-52.00	 -27.50
-51.50	 -27.50
-51.00	 -27.50
-50.50	 -27.50
-50.00	 -27.50
-49.50	 -27.50
-49.00	 -27.50
-48.50	 -27.50
-48.00	 -27.50
-47.50	 -27.50
-47.00	 -27.50
-46.50	 -27.50
-46.00	 -27.50
-45.50	 -27.50
-45.00	 -27.50
-44.50	 -27.50
-44.00	 -27.50
-43.50	 -27.50
-43.00	 -27.50
-42.50	 -27.50
-42.00	 -27.50
-41.50	 -27.50
-41.00	 -27.50
-40.50	 -27.50
-40.00	 -27.50
-39.50	 -27.50
-39.00	 -27.50
-38.50	 -27.50
-38.00	 -27.50
-37.50	 -27.50
-37.00	 -27.50
-36.50	 -27.50
-36.00	 -27.50
-35.50	 -27.50
-35.00	 -27.50
-34.50	 -27.50
-34.00	 -27.50
-33.50	 -27.50
-33.00	 -27.50
-32.50	 -27.50
-32.00	 -27.50
-31.50	 -27.50
-31.00	 -27.50
-30.50	 -27.50
-30.00	 -27.50
-29.50	 -27.50
-29.00	 -27.50
-28.50	 -27.50
-28.00	 -27.50
-27.50	 -27.50
-27.00	 -27.50
-26.50	 -27.50
-26.00	 -27.50
-25.50	 -27.50
-25.00	 -27.50
-24.50	 -27.50
-24.00	 -27.50
-23.50	 -27.50
-23.00	 -27.50
-22.50	 -27.50
-22.00	 -27.50
-21.50	 -27.50
-21.00	 -27.50
-20.50	 -27.50
-20.00	 -27.50
-19.50	 -27.50
-19.00	 -27.50
-18.50	 -27.50
-18.00	 -27.50
-17.50	 -27.50
-17.00	 -27.50
-16.50	 -27.50
-16.00	 -27.50
-15.50	 -27.50
-15.00	 -27.50
-14.50	 -27.50
-14.00	 -27.50
-13.50	 -27.50
-13.00	 -27.50
-12.50	 -27.50
-12.00	 -27.50
-11.50	 -27.50
-11.00	 -27.50
-10.50	 -27.50
-10.00	 -27.50
 -9.50	 -27.50
 -9.00	 -27.50
 -8.50	 -27.50
 -8.00	 -27.50
 -7.50	 -27.50
 -7.00	 -27.50
 -6.50	 -27.50
 -6.00	 -27.50
 -5.50	 -27.50
 -5.00	 -27.50
 -4.50	 -27.50
 -4.00	 -27.50
 -3.50	 -27.50
 -3.00	 -27.50
 -2.50	 -27.50
 -2.00	 -27.50
 -1.50	 -27.50
 -1.00	 -27.50
 -0.50	 -27.50
  0.00	 -27.50
  0.50	 -27.50
  1.00	 -27.50
  1.50	 -27.50
  2.00	 -27.50
  2.50	 -27.50
-70.00	 -27.00
-69.50	 -27.00
-69.00	 -27.00
-68.50	 -27.00
-68.00	 -27.00
-67.50	 -27.00
-67.00	 -27.00
-66.50	 -27.00
-66.00	 -27.00
-65.50	 -27.00
-65.00	 -27.00
-64.50	 -27.00
-64.00	 -27.00
-63.50	 -27.00
-63.00	 -27.00
-62.50	 -27.00
-62.00	 -27.00
-61.50	 -27.00
-61.00	 -27.00
-60.50	 -27.00
-60.00	 -27.00
-59.50	 -27.00
-59.00	 -27.00
-58.50	 -27.00
-58.00	 -27.00
-57.50	 -27.00
-57.00	 -27.00
-56.50	 -27.00
-56.00	 -27.00
-55.50	 -27.00
-55.00	 -27.00
-54.50	 -27.00
-54.00	 -27.00
-53.50	 -27.00
-53.00	 -27.00
-52.50	 -27.00
-52.00	 -27.00
-51.50	 -27.00
-51.00	 -27.00
-50.50	 -27.00
-50.00	 -27.00
-49.50	 -27.00
-49.00	 -27.00
-48.50	 -27.00
-48.00	 -27.00
-47.50	 -27.00
-47.00	 -27.00
-46.50	 -27.00
-46.00	 -27.00
-45.50	 -27.00
-45.00	 -27.00
-44.50	 -27.00
-44.00	 -27.00
-43.50	 -27.00
-43.00	 -27.00
-42.50	 -27.00
-42.00	 -27.00
-41.50	 -27.00
-41.00	 -27.00
-40.50	 -27.00
-40.00	 -27.00
-39.50	 -27.00
-39.00	 -27.00
-38.50	 -27.00
-38.00	 -27.00
-37.50	 -27.00
-37.00	 -27.00
-36.50	 -27.00
-36.00	 -27.00
-35.50	 -27.00
-35.00	 -27.00
-34.50	 -27.00
-34.00	 -27.00
-33.50	 -27.00
-33.00	 -27.00
-32.50	 -27.00
-32.00	 -27.00
-31.50	 -27.00
-31.00	 -27.00
-30.50	 -27.00
-30.00	 -27.00
-29.50	 -27.00
-29.00	 -27.00
-28.50	 -27.00
-28.00	 -27.00
-27.50	 -27.00
-27.00	 -27.00
-26.50	 -27.00
-26.00	 -27.00
-25.50	 -27.00
-25.00	 -27.00
-24.50	 -27.00
-24.00	 -27.00
-23.50	 -27.00
-23.00	 -27.00
-22.50	 -27.00
-22.00	 -27.00
-21.50	 -27.00
-21.00	 -27.00
-20.50	 -27.00
-20.00	 -27.00
-19.50	 -27.00
-19.00	 -27.00
-18.50	 -27.00
-18.00	 -27.00
-17.50	 -27.00
-17.00	 -27.00
-16.50	 -27.00
-16.00	 -27.00
-15.50	 -27.00
-15.00	 -27.00
-14.50	 -27.00
-14.00	 -27.00
-13.50	 -27.00
-13.00	 -27.00
-12.50	 -27.00
-12.00	 -27.00
-11.50	 -27.00
-11.00	 -27.00
-10.50	 -27.00
-10.00	 -27.00
 -9.50	 -27.00
 -9.00	 -27.00
 -8.50	 -27.00
 -8.00	 -27.00
 -7.50	 -27.00
 -7.00	 -27.00
 -6.50	 -27.00
 -6.00	 -27.00
 -5.50	 -27.00
 -5.00	 -27.00
 -4.50	 -27.00
 -4.00	 -27.00
 -3.50	 -27.00
 -3.00	 -27.00
 -2.50	 -27.00
 -2.00	 -27.00
 -1.50	 -27.00
 -1.00	 -27.00
 -0.50	 -27.00
  0.00	 -27.00
  0.50	 -27.00
  1.00	 -27.00
  1.50	 -27.00
  2.00	 -27.00
  2.50	 -27.00
-70.00	 -26.50
-69.50	 -26.50
-69.00	 -26.50
-68.50	 -26.50
-68.00	 -26.50
-67.50	 -26.50
-67.00	 -26.50
-66.50	 -26.50
-66.00	 -26.50
-65.50	 -26.50
-65.00	 -26.50
-64.50	 -26.50
-64.00	 -26.50
-63.50	 -26.50
-63.00	 -26.50
-62.50	 -26.50
-62.00	 -26.50
-61.50	 -26.50
-61.00	 -26.50
-60.50	 -26.50
-60.00	 -26.50
-59.50	 -26.50
-59.00	 -26.50
-58.50	 -26.50
-58.00	 -26.50
-57.50	 -26.50
-57.00	 -26.50
-56.50	 -26.50
-56.00	 -26.50
-55.50	 -26.50
-55.00	 -26.50
-54.50	 -26.50
-54.00	 -26.50
-53.50	 -26.50
-53.00	 -26.50
-52.50	 -26.50
-52.00	 -26.50
-51.50	 -26.50
-51.00	 -26.50
-50.50	 -26.50
-50.00	 -26.50
-49.50	 -26.50
-49.00	 -26.50
-48.50	 -26.50
-48.00	 -26.50
-47.50	 -26.50
-47.00	 -26.50
-46.50	 -26.50
-46.00	 -26.50
-45.50	 -26.50
-45.00	 -26.50
-44.50	 -26.50
-44.00	 -26.50
-43.50	 -26.50
-43.00	 -26.50
-42.50	 -26.50
-42.00	 -26.50
-41.50	 -26.50
-41.00	 -26.50
-40.50	 -26.50
-40.00	 -26.50
-39.50	 -26.50
-39.00	 -26.50
-38.50	 -26.50
-38.00	 -26.50
-37.50	 -26.50
-37.00	 -26.50
-36.50	 -26.50
-36.00	 -26.50
-35.50	 -26.50
-35.00	 -26.50
-34.50	 -26.50
-34.00	 -26.50
-33.50	 -26.50
-33.00	 -26.50
-32.50	 -26.50
-32.00	 -26.50
-31.50	 -26.50
-31.00	 -26.50
-30.50	 -26.50
-30.00	 -26.50
-29.50	 -26.50
-29.00	 -26.50
-28.50	 -26.50
-28.00	 -26.50
-27.50	 -26.50
-27.00	 -26.50
-26.50	 -26.50
-26.00	 -26.50
-25.50	 -26.50
-25.00	 -26.50
-24.50	 -26.50
-24.00	 -26.50
-23.50	 -26.50
-23.00	 -26.50
-22.50	 -26.50
-22.00	 -26.50
-21.50	 -26.50
-21.00	 -26.50
-20.50	 -26.50
-20.00	 -26.50
-19.50	 -26.50
-19.00	 -26.50
-18.50	 -26.50
-18.00	 -26.50
-17.50	 -26.50
-17.00	 -26.50
-16.50	 -26.50
-16.00	 -26.50
-15.50	 -26.50
-15.00	 -26.50
-14.50	 -26.50
-14.00	 -26.50
-13.50	 -26.50
-13.00	 -26.50
-12.50	 -26.50
-12.00	 -26.50
-11.50	 -26.50
-11.00	 -26.50
-10.50	 -26.50
-10.00	 -26.50
 -9.50	 -26.50
 -9.00	 -26.50
 -8.50	 -26.50
 -8.00	 -26.50
 -7.50	 -26.50
 -7.00	 -26.50
 -6.50	 -26.50
 -6.00	 -26.50
 -5.50	 -26.50
 -5.00	 -26.50
 -4.50	 -26.50
 -4.00	 -26.50
 -3.50	 -26.50
 -3.00	 -26.50
 -2.50	 -26.50
 -2.00	 -26.50
 -1.50	 -26.50
 -1.00	 -26.50
 -0.50	 -26.50
  0.00	 -26.50
  0.50	 -26.50
  1.00	 -26.50
  1.50	 -26.50
  2.00	 -26.50
  2.50	 -26.50
-70.00	 -26.00
-69.50	 -26.00
-69.00	 -26.00
-68.50	 -26.00
-68.00	 -26.00
-67.50	 -26.00
-67.00	 -26.00
-66.50	 -26.00
-66.00	 -26.00
-65.50	 -26.00
-65.00	 -26.00
-64.50	 -26.00
-64.00	 -26.00
-63.50	 -26.00
-63.00	 -26.00
-62.50	 -26.00
-62.00	 -26.00
-61.50	 -26.00
-61.00	 -26.00
-60.50	 -26.00
-60.00	 -26.00
-59.50	 -26.00
-59.00	 -26.00
-58.50	 -26.00
-58.00	 -26.00
-57.50	 -26.00
-57.00	 -26.00
-56.50	 -26.00
-56.00	 -26.00
-55.50	 -26.00
-55.00	 -26.00
-54.50	 -26.00
-54.00	 -26.00
-53.50	 -26.00
-53.00	 -26.00
-52.50	 -26.00
-52.00	 -26.00
-51.50	 -26.00
-51.00	 -26.00
-50.50	 -26.00
-50.00	 -26.00
-49.50	 -26.00
-49.00	 -26.00
-48.50	 -26.00
-48.00	 -26.00
-47.50	 -26.00
-47.00	 -26.00
-46.50	 -26.00
-46.00	 -26.00
-45.50	 -26.00
-45.00	 -26.00
-44.50	 -26.00
-44.00	 -26.00
-43.50	 -26.00
-43.00	 -26.00
-42.50	 -26.00
-42.00	 -26.00
-41.50	 -26.00
-41.00	 -26.00
-40.50	 -26.00
-40.00	 -26.00
-39.50	 -26.00
-39.00	 -26.00
-38.50	 -26.00
-38.00	 -26.00
-37.50	 -26.00
-37.00	 -26.00
-36.50	 -26.00
-36.00	 -26.00
-35.50	 -26.00
-35.00	 -26.00
-34.50	 -26.00
-34.00	 -26.00
-33.50	 -26.00
-33.00	 -26.00
-32.50	 -26.00
-32.00	 -26.00
-31.50	 -26.00
-31.00	 -26.00
-30.50	 -26.00
-30.00	 -26.00
-29.50	 -26.00
-29.00	 -26.00
-28.50	 -26.00
-28.00	 -26.00
-27.50	 -26.00
-27.00	 -26.00
-26.50	 -26.00
-26.00	 -26.00
-25.50	 -26.00
-25.00	 -26.00
-24.50	 -26.00
-24.00	 -26.00
-23.50	 -26.00
-23.00	 -26.00
-22.50	 -26.00
-22.00	 -26.00
-21.50	 -26.00
-21.00	 -26.00
-20.50	 -26.00
-20.00	 -26.00
-19.50	 -26.00
-19.00	 -26.00
-18.50	 -26.00
-18.00	 -26.00
-17.50	 -26.00
-17.00	 -26.00
-16.50	 -26.00
-16.00	 -26.00
-15.50	 -26.00
-15.00	 -26.00
-14.50	 -26.00
-14.00	 -26.00
-13.50	 -26.00
-13.00	 -26.00
-12.50	 -26.00
-12.00	 -26.00
-11.50	 -26.00
-11.00	 -26.00
-10.50	 -26.00
-10.00	 -26.00
 -9.50	 -26.00
 -9.00	 -26.00
 -8.50	 -26.00
 -8.00	 -26.00
 -7.50	 -26.00
 -7.00	 -26.00
 -6.50	 -26.00
 -6.00	 -26.00
 -5.50	 -26.00
 -5.00	 -26.00
 -4.50	 -26.00
 -4.00	 -26.00
 -3.50	 -26.00
 -3.00	 -26.00
 -2.50	 -26.00
 -2.00	 -26.00
 -1.50	 -26.00
 -1.00	 -26.00
 -0.50	 -26.00
  0.00	 -26.00
  0.50	 -26.00
  1.00	 -26.00
  1.50	 -26.00
  2.00	 -26.00
  2.50	 -26.00
-70.00	 -25.50
-69.50	 -25.50
-69.00	 -25.50
-68.50	 -25.50
-68.00	 -25.50
-67.50	 -25.50
-67.00	 -25.50
-66.50	 -25.50
-66.00	 -25.50
-65.50	 -25.50
-65.00	 -25.50
-64.50	 -25.50
-64.00	 -25.50
-63.50	 -25.50
-63.00	 -25.50
-62.50	 -25.50
-62.00	 -25.50
-61.50	 -25.50
-61.00	 -25.50
-60.50	 -25.50
-60.00	 -25.50
-59.50	 -25.50
-59.00	 -25.50
-58.50	 -25.50
-58.00	 -25.50
-57.50	 -25.50
-57.00	 -25.50
-56.50	 -25.50
-56.00	 -25.50
-55.50	 -25.50
-55.00	 -25.50
-54.50	 -25.50
-54.00	 -25.50
-53.50	 -25.50
-53.00	 -25.50
-52.50	 -25.50
-52.00	 -25.50
-51.50	 -25.50
-51.00	 -25.50
-50.50	 -25.50
-50.00	 -25.50
-49.50	 -25.50
-49.00	 -25.50
-48.50	 -25.50
-48.00	 -25.50
-47.50	 -25.50
-47.00	 -25.50
-46.50	 -25.50
-46.00	 -25.50
-45.50	 -25.50
-45.00	 -25.50
-44.50	 -25.50
-44.00	 -25.50
-43.50	 -25.50
-43.00	 -25.50
-42.50	 -25.50
-42.00	 -25.50
-41.50	 -25.50
-41.00	 -25.50
-40.50	 -25.50
-40.00	 -25.50
-39.50	 -25.50
-39.00	 -25.50
-38.50	 -25.50
-38.00	 -25.50
-37.50	 -25.50
-37.00	 -25.50
-36.50	 -25.50
-36.00	 -25.50
-35.50	 -25.50
-35.00	 -25.50
-34.50	 -25.50
-34.00	 -25.50
-33.50	 -25.50
-33.00	 -25.50
-32.50	 -25.50
-32.00	 -25.50
-31.50	 -25.50
-31.00	 -25.50
-30.50	 -25.50
-30.00	 -25.50
-29.50	 -25.50
-29.00	 -25.50
-28.50	 -25.50
-28.00	 -25.50
-27.50	 -25.50
-27.00	 -25.50
-26.50	 -25.50
-26.00	 -25.50
-25.50	 -25.50
-25.00	 -25.50
-24.50	 -25.50
-24.00	 -25.50
-23.50	 -25.50
-23.00	 -25.50
-22.50	 -25.50
-22.00	 -25.50
-21.50	 -25.50
-21.00	 -25.50
-20.50	 -25.50
-20.00	 -25.50
-19.50	 -25.50
-19.00	 -25.50
-18.50	 -25.50
-18.00	 -25.50
-17.50	 -25.50
-17.00	 -25.50
-16.50	 -25.50
-16.00	 -25.50
-15.50	 -25.50
-15.00	 -25.50
-14.50	 -25.50
-14.00	 -25.50
-13.50	 -25.50
-13.00	 -25.50
-12.50	 -25.50
-12.00	 -25.50
-11.50	 -25.50
-11.00	 -25.50
-10.50	 -25.50
-10.00	 -25.50
 -9.50	 -25.50
 -9.00	 -25.50
 -8.50	 -25.50
 -8.00	 -25.50
 -7.50	 -25.50
 -7.00	 -25.50
 -6.50	 -25.50
 -6.00	 -25.50
 -5.50	 -25.50
 -5.00	 -25.50
 -4.50	 -25.50
 -4.00	 -25.50
 -3.50	 -25.50
 -3.00	 -25.50
 -2.50	 -25.50
 -2.00	 -25.50
 -1.50	 -25.50
 -1.00	 -25.50
 -0.50	 -25.50
  0.00	 -25.50
  0.50	 -25.50
  1.00	 -25.50
  1.50	 -25.50
  2.00	 -25.50
  2.50	 -25.50
-70.00	 -25.00
-69.50	 -25.00
-69.00	 -25.00
-68.50	 -25.00
-68.00	 -25.00
-67.50	 -25.00
-67.00	 -25.00
-66.50	 -25.00
-66.00	 -25.00
-65.50	 -25.00
-65.00	 -25.00
-64.50	 -25.00
-64.00	 -25.00
-63.50	 -25.00
-63.00	 -25.00
-62.50	 -25.00
-62.00	 -25.00
-61.50	 -25.00
-61.00	 -25.00
-60.50	 -25.00
-60.00	 -25.00
-59.50	 -25.00
-59.00	 -25.00
-58.50	 -25.00
-58.00	 -25.00
-57.50	 -25.00
-57.00	 -25.00
-56.50	 -25.00
-56.00	 -25.00
-55.50	 -25.00
-55.00	 -25.00
-54.50	 -25.00
-54.00	 -25.00
-53.50	 -25.00
-53.00	 -25.00
-52.50	 -25.00
-52.00	 -25.00
-51.50	 -25.00
-51.00	 -25.00
-50.50	 -25.00
-50.00	 -25.00
-49.50	 -25.00
-49.00	 -25.00
-48.50	 -25.00
-48.00	 -25.00
-47.50	 -25.00
-47.00	 -25.00
-46.50	 -25.00
-46.00	 -25.00
-45.50	 -25.00
-45.00	 -25.00
-44.50	 -25.00
-44.00	 -25.00
-43.50	 -25.00
-43.00	 -25.00
-42.50	 -25.00
-42.00	 -25.00
-41.50	 -25.00
-41.00	 -25.00
-40.50	 -25.00
-40.00	 -25.00
-39.50	 -25.00
-39.00	 -25.00
-38.50	 -25.00
-38.00	 -25.00
-37.50	 -25.00
-37.00	 -25.00
-36.50	 -25.00
-36.00	 -25.00
-35.50	 -25.00
-35.00	 -25.00
-34.50	 -25.00
-34.00	 -25.00
-33.50	 -25.00
-33.00	 -25.00
-32.50	 -25.00
-32.00	 -25.00
-31.50	 -25.00
-31.00	 -25.00
-30.50	 -25.00
-30.00	 -25.00
-29.50	 -25.00
-29.00	 -25.00
-28.50	 -25.00
-28.00	 -25.00
-27.50	 -25.00
-27.00	 -25.00
-26.50	 -25.00
-26.00	 -25.00
-25.50	 -25.00
-25.00	 -25.00
-24.50	 -25.00
-24.00	 -25.00
-23.50	 -25.00
-23.00	 -25.00
-22.50	 -25.00
-22.00	 -25.00
-21.50	 -25.00
-21.00	 -25.00
-20.50	 -25.00
-20.00	 -25.00
-19.50	 -25.00
-19.00	 -25.00
-18.50	 -25.00
-18.00	 -25.00
-17.50	 -25.00
-17.00	 -25.00
-16.50	 -25.00
-16.00	 -25.00
-15.50	 -25.00
-15.00	 -25.00
-14.50	 -25.00
-14.00	 -25.00
-13.50	 -25.00
-13.00	 -25.00
-12.50	 -25.00
-12.00	 -25.00
-11.50	 -25.00
-11.00	 -25.00
-10.50	 -25.00
-10.00	 -25.00
 -9.50	 -25.00
 -9.00	 -25.00
 -8.50	 -25.00
 -8.00	 -25.00
 -7.50	 -25.00
 -7.00	 -25.00
 -6.50	 -25.00
 -6.00	 -25.00
 -5.50	 -25.00
 -5.00	 -25.00
 -4.50	 -25.00
 -4.00	 -25.00
 -3.50	 -25.00
 -3.00	 -25.00
 -2.50	 -25.00
 -2.00	 -25.00
 -1.50	 -25.00
 -1.00	 -25.00
 -0.50	 -25.00
  0.00	 -25.00
  0.50	 -25.00
  1.00	 -25.00
  1.50	 -25.00
  2.00	 -25.00
  2.50	 -25.00
-70.00	 -24.50
-69.50	 -24.50
-69.00	 -24.50
-68.50	 -24.50
-68.00	 -24.50
-67.50	 -24.50
-67.00	 -24.50
-66.50	 -24.50
-66.00	 -24.50
-65.50	 -24.50
-65.00	 -24.50
-64.50	 -24.50
-64.00	 -24.50
-63.50	 -24.50
-63.00	 -24.50
-62.50	 -24.50
-62.00	 -24.50
-61.50	 -24.50
-61.00	 -24.50
-60.50	 -24.50
-60.00	 -24.50
-59.50	 -24.50
-59.00	 -24.50
-58.50	 -24.50
-58.00	 -24.50
-57.50	 -24.50
-57.00	 -24.50
-56.50	 -24.50
-56.00	 -24.50
-55.50	 -24.50
-55.00	 -24.50
-54.50	 -24.50
-54.00	 -24.50
-53.50	 -24.50
-53.00	 -24.50
-52.50	 -24.50
-52.00	 -24.50
-51.50	 -24.50
-51.00	 -24.50
-50.50	 -24.50
-50.00	 -24.50
-49.50	 -24.50
-49.00	 -24.50
-48.50	 -24.50
-48.00	 -24.50
-47.50	 -24.50
-47.00	 -24.50
-46.50	 -24.50
-46.00	 -24.50
-45.50	 -24.50
-45.00	 -24.50
-44.50	 -24.50
-44.00	 -24.50
-43.50	 -24.50
-43.00	 -24.50
-42.50	 -24.50
-42.00	 -24.50
-41.50	 -24.50
-41.00	 -24.50
-40.50	 -24.50
-40.00	 -24.50
-39.50	 -24.50
-39.00	 -24.50
-38.50	 -24.50
-38.00	 -24.50
-37.50	 -24.50
-37.00	 -24.50
-36.50	 -24.50
-36.00	 -24.50
-35.50	 -24.50
-35.00	 -24.50
-34.50	 -24.50
-34.00	 -24.50
-33.50	 -24.50
-33.00	 -24.50
-32.50	 -24.50
-32.00	 -24.50
-31.50	 -24.50
-31.00	 -24.50
-30.50	 -24.50
-30.00	 -24.50
-29.50	 -24.50
-29.00	 -24.50
-28.50	 -24.50
-28.00	 -24.50
-27.50	 -24.50
-27.00	 -24.50
-26.50	 -24.50
-26.00	 -24.50
-25.50	 -24.50
-25.00	 -24.50
-24.50	 -24.50
-24.00	 -24.50
-23.50	 -24.50
-23.00	 -24.50
-22.50	 -24.50
-22.00	 -24.50
-21.50	 -24.50
-21.00	 -24.50
-20.50	 -24.50
-20.00	 -24.50
-19.50	 -24.50
-19.00	 -24.50
-18.50	 -24.50
-18.00	 -24.50
-17.50	 -24.50
-17.00	 -24.50
-16.50	 -24.50
-16.00	 -24.50
-15.50	 -24.50
-15.00	 -24.50
-14.50	 -24.50
-14.00	 -24.50
-13.50	 -24.50
-13.00	 -24.50
-12.50	 -24.50
-12.00	 -24.50
-11.50	 -24.50
-11.00	 -24.50
-10.50	 -24.50
-10.00	 -24.50
 -9.50	 -24.50
 -9.00	 -24.50
 -8.50	 -24.50
 -8.00	 -24.50
 -7.50	 -24.50
 -7.00	 -24.50
 -6.50	 -24.50
 -6.00	 -24.50
 -5.50	 -24.50
 -5.00	 -24.50
 -4.50	 -24.50
 -4.00	 -24.50
 -3.50	 -24.50
 -3.00	 -24.50
 -2.50	 -24.50
 -2.00	 -24.50
 -1.50	 -24.50
 -1.00	 -24.50
 -0.50	 -24.50
  0.00	 -24.50
  0.50	 -24.50
  1.00	 -24.50
  1.50	 -24.50
  2.00	 -24.50
  2.50	 -24.50
-70.00	 -24.00
-69.50	 -24.00
-69.00	 -24.00
-68.50	 -24.00
-68.00	 -24.00
-67.50	 -24.00
-67.00	 -24.00
-66.50	 -24.00
-66.00	 -24.00
-65.50	 -24.00
-65.00	 -24.00
-64.50	 -24.00
-64.00	 -24.00
-63.50	 -24.00
-63.00	 -24.00
-62.50	 -24.00
-62.00	 -24.00
-61.50	 -24.00
-61.00	 -24.00
-60.50	 -24.00
-60.00	 -24.00
-59.50	 -24.00
-59.00	 -24.00
-58.50	 -24.00
-58.00	 -24.00
-57.50	 -24.00
-57.00	 -24.00
-56.50	 -24.00
-56.00	 -24.00
-55.50	 -24.00
-55.00	 -24.00
-54.50	 -24.00
-54.00	 -24.00
-53.50	 -24.00
-53.00	 -24.00
-52.50	 -24.00
-52.00	 -24.00
-51.50	 -24.00
-51.00	 -24.00
-50.50	 -24.00
-50.00	 -24.00
-49.50	 -24.00
-49.00	 -24.00
-48.50	 -24.00
-48.00	 -24.00
-47.50	 -24.00
-47.00	 -24.00
-46.50	 -24.00
-46.00	 -24.00
-45.50	 -24.00
-45.00	 -24.00
-44.50	 -24.00
-44.00	 -24.00
-43.50	 -24.00
-43.00	 -24.00
-42.50	 -24.00
-42.00	 -24.00
-41.50	 -24.00
-41.00	 -24.00
-40.50	 -24.00
-40.00	 -24.00
-39.50	 -24.00
-39.00	 -24.00
-38.50	 -24.00
-38.00	 -24.00
-37.50	 -24.00
-37.00	 -24.00
-36.50	 -24.00
-36.00	 -24.00
-35.50	 -24.00
-35.00	 -24.00
-34.50	 -24.00
-34.00	 -24.00
-33.50	 -24.00
-33.00	 -24.00
-32.50	 -24.00
-32.00	 -24.00
-31.50	 -24.00
-31.00	 -24.00
-30.50	 -24.00
-30.00	 -24.00
-29.50	 -24.00
-29.00	 -24.00
-28.50	 -24.00
-28.00	 -24.00
-27.50	 -24.00
-27.00	 -24.00
-26.50	 -24.00
-26.00	 -24.00
-25.50	 -24.00
-25.00	 -24.00
-24.50	 -24.00
-24.00	 -24.00
-23.50	 -24.00
-23.00	 -24.00
-22.50	 -24.00
-22.00	 -24.00
-21.50	 -24.00
-21.00	 -24.00
-20.50	 -24.00
-20.00	 -24.00
-19.50	 -24.00
-19.00	 -24.00
-18.50	 -24.00
-18.00	 -24.00
-17.50	 -24.00
-17.00	 -24.00
-16.50	 -24.00
-16.00	 -24.00
-15.50	 -24.00
-15.00	 -24.00
-14.50	 -24.00
-14.00	 -24.00
-13.50	 -24.00
-13.00	 -24.00
-12.50	 -24.00
-12.00	 -24.00
-11.50	 -24.00
-11.00	 -24.00
-10.50	 -24.00
-10.00	 -24.00
 -9.50	 -24.00
 -9.00	 -24.00
 -8.50	 -24.00
 -8.00	 -24.00
 -7.50	 -24.00
 -7.00	 -24.00
 -6.50	 -24.00
 -6.00	 -24.00
 -5.50	 -24.00
 -5.00	 -24.00
 -4.50	 -24.00
 -4.00	 -24.00
 -3.50	 -24.00
 -3.00	 -24.00
 -2.50	 -24.00
 -2.00	 -24.00
 -1.50	 -24.00
 -1.00	 -24.00
 -0.50	 -24.00
  0.00	 -24.00
  0.50	 -24.00
  1.00	 -24.00
  1.50	 -24.00
  2.00	 -24.00
  2.50	 -24.00
-70.00	 -23.50
-69.50	 -23.50
-69.00	 -23.50
-68.50	 -23.50
-68.00	 -23.50
-67.50	 -23.50
-67.00	 -23.50
-66.50	 -23.50
-66.00	 -23.50
-65.50	 -23.50
-65.00	 -23.50
-64.50	 -23.50
-64.00	 -23.50
-63.50	 -23.50
-63.00	 -23.50
-62.50	 -23.50
-62.00	 -23.50
-61.50	 -23.50
-61.00	 -23.50
-60.50	 -23.50
-60.00	 -23.50
-59.50	 -23.50
-59.00	 -23.50
-58.50	 -23.50
-58.00	 -23.50
-57.50	 -23.50
-57.00	 -23.50
-56.50	 -23.50
-56.00	 -23.50
-55.50	 -23.50
-55.00	 -23.50
-54.50	 -23.50
-54.00	 -23.50
-53.50	 -23.50
-53.00	 -23.50
-52.50	 -23.50
-52.00	 -23.50
-51.50	 -23.50
-51.00	 -23.50
-50.50	 -23.50
-50.00	 -23.50
-49.50	 -23.50
-49.00	 -23.50
-48.50	 -23.50
-48.00	 -23.50
-47.50	 -23.50
-47.00	 -23.50
-46.50	 -23.50
-46.00	 -23.50
-45.50	 -23.50
-45.00	 -23.50
-44.50	 -23.50
-44.00	 -23.50
-43.50	 -23.50
-43.00	 -23.50
-42.50	 -23.50
-42.00	 -23.50
-41.50	 -23.50
-41.00	 -23.50
-40.50	 -23.50
-40.00	 -23.50
-39.50	 -23.50
-39.00	 -23.50
-38.50	 -23.50
-38.00	 -23.50
-37.50	 -23.50
-37.00	 -23.50
-36.50	 -23.50
-36.00	 -23.50
-35.50	 -23.50
-35.00	 -23.50
-34.50	 -23.50
-34.00	 -23.50
-33.50	 -23.50
-33.00	 -23.50
-32.50	 -23.50
-32.00	 -23.50
-31.50	 -23.50
-31.00	 -23.50
-30.50	 -23.50
-30.00	 -23.50
-29.50	 -23.50
-29.00	 -23.50
-28.50	 -23.50
-28.00	 -23.50
-27.50	 -23.50
-27.00	 -23.50
-26.50	 -23.50
-26.00	 -23.50
-25.50	 -23.50
-25.00	 -23.50
-24.50	 -23.50
-24.00	 -23.50
-23.50	 -23.50
-23.00	 -23.50
-22.50	 -23.50
-22.00	 -23.50
-21.50	 -23.50
-21.00	 -23.50
-20.50	 -23.50
-20.00	 -23.50
-19.50	 -23.50
-19.00	 -23.50
-18.50	 -23.50
-18.00	 -23.50
-17.50	 -23.50
-17.00	 -23.50
-16.50	 -23.50
-16.00	 -23.50
-15.50	 -23.50
-15.00	 -23.50
-14.50	 -23.50
-14.00	 -23.50
-13.50	 -23.50
-13.00	 -23.50
-12.50	 -23.50
-12.00	 -23.50
-11.50	 -23.50
-11.00	 -23.50
-10.50	 -23.50
-10.00	 -23.50
 -9.50	 -23.50
 -9.00	 -23.50
 -8.50	 -23.50
 -8.00	 -23.50
 -7.50	 -23.50
 -7.00	 -23.50
 -6.50	 -23.50
 -6.00	 -23.50
 -5.50	 -23.50
 -5.00	 -23.50
 -4.50	 -23.50
 -4.00	 -23.50
 -3.50	 -23.50
 -3.00	 -23.50
 -2.50	 -23.50
 -2.00	 -23.50
 -1.50	 -23.50
 -1.00	 -23.50
 -0.50	 -23.50
  0.00	 -23.50
  0.50	 -23.50
  1.00	 -23.50
  1.50	 -23.50
  2.00	 -23.50
-70.00	 -23.00
-69.50	 -23.00
-69.00	 -23.00
-68.50	 -23.00
-68.00	 -23.00
-67.50	 -23.00
-67.00	 -23.00
-66.50	 -23.00
-66.00	 -23.00
-65.50	 -23.00
-65.00	 -23.00
-64.50	 -23.00
-64.00	 -23.00
-63.50	 -23.00
-63.00	 -23.00
-62.50	 -23.00
-62.00	 -23.00
-61.50	 -23.00
-61.00	 -23.00
-60.50	 -23.00
-60.00	 -23.00
-59.50	 -23.00
-59.00	 -23.00
-58.50	 -23.00
-58.00	 -23.00
-57.50	 -23.00
-57.00	 -23.00
-56.50	 -23.00
-56.00	 -23.00
-55.50	 -23.00
-55.00	 -23.00
-54.50	 -23.00
-54.00	 -23.00
-53.50	 -23.00
-53.00	 -23.00
-52.50	 -23.00
-52.00	 -23.00
-51.50	 -23.00
-51.00	 -23.00
-50.50	 -23.00
-50.00	 -23.00
-49.50	 -23.00
-49.00	 -23.00
-48.50	 -23.00
-48.00	 -23.00
-47.50	 -23.00
-47.00	 -23.00
-46.50	 -23.00
-46.00	 -23.00
-45.50	 -23.00
-45.00	 -23.00
-44.50	 -23.00
-44.00	 -23.00
-43.50	 -23.00
-43.00	 -23.00
-42.50	 -23.00
-42.00	 -23.00
-41.50	 -23.00
-41.00	 -23.00
-40.50	 -23.00
-40.00	 -23.00
-39.50	 -23.00
-39.00	 -23.00
-38.50	 -23.00
-38.00	 -23.00
-37.50	 -23.00
-37.00	 -23.00
-36.50	 -23.00
-36.00	 -23.00
-35.50	 -23.00
-35.00	 -23.00
-34.50	 -23.00
-34.00	 -23.00
-33.50	 -23.00
-33.00	 -23.00
-32.50	 -23.00
-32.00	 -23.00
-31.50	 -23.00
-31.00	 -23.00
-30.50	 -23.00
-30.00	 -23.00
-29.50	 -23.00
-29.00	 -23.00
-28.50	 -23.00
-28.00	 -23.00
-27.50	 -23.00
-27.00	 -23.00
-26.50	 -23.00
-26.00	 -23.00
-25.50	 -23.00
-25.00	 -23.00
-24.50	 -23.00
-24.00	 -23.00
-23.50	 -23.00
-23.00	 -23.00
-22.50	 -23.00
-22.00	 -23.00
-21.50	 -23.00
-21.00	 -23.00
-20.50	 -23.00
-20.00	 -23.00
-19.50	 -23.00
-19.00	 -23.00
-18.50	 -23.00
-18.00	 -23.00
-17.50	 -23.00
-17.00	 -23.00
-16.50	 -23.00
-16.00	 -23.00
-15.50	 -23.00
-15.00	 -23.00
-14.50	 -23.00
-14.00	 -23.00
-13.50	 -23.00
-13.00	 -23.00
-12.50	 -23.00
-12.00	 -23.00
-11.50	 -23.00
-11.00	 -23.00
-10.50	 -23.00
-10.00	 -23.00
 -9.50	 -23.00
 -9.00	 -23.00
 -8.50	 -23.00
 -8.00	 -23.00
 -7.50	 -23.00
 -7.00	 -23.00
 -6.50	 -23.00
 -6.00	 -23.00
 -5.50	 -23.00
 -5.00	 -23.00
 -4.50	 -23.00
 -4.00	 -23.00
 -3.50	 -23.00
 -3.00	 -23.00
 -2.50	 -23.00
 -2.00	 -23.00
 -1.50	 -23.00
 -1.00	 -23.00
 -0.50	 -23.00
  0.00	 -23.00
  0.50	 -23.00
  1.00	 -23.00
  1.50	 -23.00
  2.00	 -23.00
-70.00	 -22.50
-69.50	 -22.50
-69.00	 -22.50
-68.50	 -22.50
-68.00	 -22.50
-67.50	 -22.50
-67.00	 -22.50
-66.50	 -22.50
-66.00	 -22.50
-65.50	 -22.50
-65.00	 -22.50
-64.50	 -22.50
-64.00	 -22.50
-63.50	 -22.50
-63.00	 -22.50
-62.50	 -22.50
-62.00	 -22.50
-61.50	 -22.50
-61.00	 -22.50
-60.50	 -22.50
-60.00	 -22.50
-59.50	 -22.50
-59.00	 -22.50
-58.50	 -22.50
-58.00	 -22.50
-57.50	 -22.50
-57.00	 -22.50
-56.50	 -22.50
-56.00	 -22.50
-55.50	 -22.50
-55.00	 -22.50
-54.50	 -22.50
-54.00	 -22.50
-53.50	 -22.50
-53.00	 -22.50
-52.50	 -22.50
-52.00	 -22.50
-51.50	 -22.50
-51.00	 -22.50
-50.50	 -22.50
-50.00	 -22.50
-49.50	 -22.50
-49.00	 -22.50
-48.50	 -22.50
-48.00	 -22.50
-47.50	 -22.50
-47.00	 -22.50
-46.50	 -22.50
-46.00	 -22.50
-45.50	 -22.50
-45.00	 -22.50
-44.50	 -22.50
-44.00	 -22.50
-43.50	 -22.50
-43.00	 -22.50
-42.50	 -22.50
-42.00	 -22.50
-41.50	 -22.50
-41.00	 -22.50
-40.50	 -22.50
-40.00	 -22.50
-39.50	 -22.50
-39.00	 -22.50
-38.50	 -22.50
-38.00	 -22.50
-37.50	 -22.50
-37.00	 -22.50
-36.50	 -22.50
-36.00	 -22.50
-35.50	 -22.50
-35.00	 -22.50
-34.50	 -22.50
-34.00	 -22.50
-33.50	 -22.50
-33.00	 -22.50
-32.50	 -22.50
-32.00	 -22.50
-31.50	 -22.50
-31.00	 -22.50
-30.50	 -22.50
-30.00	 -22.50
-29.50	 -22.50
-29.00	 -22.50
-28.50	 -22.50
-28.00	 -22.50
-27.50	 -22.50
-27.00	 -22.50
-26.50	 -22.50
-26.00	 -22.50
-25.50	 -22.50
-25.00	 -22.50
-24.50	 -22.50
-24.00	 -22.50
-23.50	 -22.50
-23.00	 -22.50
-22.50	 -22.50
-22.00	 -22.50
-21.50	 -22.50
-21.00	 -22.50
-20.50	 -22.50
-20.00	 -22.50
-19.50	 -22.50
-19.00	 -22.50
-18.50	 -22.50
-18.00	 -22.50
-17.50	 -22.50
-17.00	 -22.50
-16.50	 -22.50
-16.00	 -22.50
-15.50	 -22.50
-15.00	 -22.50
-14.50	 -22.50
-14.00	 -22.50
-13.50	 -22.50
-13.00	 -22.50
-12.50	 -22.50
-12.00	 -22.50
-11.50	 -22.50
-11.00	 -22.50
-10.50	 -22.50
-10.00	 -22.50
 -9.50	 -22.50
 -9.00	 -22.50
 -8.50	 -22.50
 -8.00	 -22.50
 -7.50	 -22.50
 -7.00	 -22.50
 -6.50	 -22.50
 -6.00	 -22.50
 -5.50	 -22.50
 -5.00	 -22.50
 -4.50	 -22.50
 -4.00	 -22.50
 -3.50	 -22.50
 -3.00	 -22.50
 -2.50	 -22.50
 -2.00	 -22.50
 -1.50	 -22.50
 -1.00	 -22.50
 -0.50	 -22.50
  0.00	 -22.50
  0.50	 -22.50
  1.00	 -22.50
  1.50	 -22.50
  2.00	 -22.50
-70.00	 -22.00
-69.50	 -22.00
-69.00	 -22.00
-68.50	 -22.00
-68.00	 -22.00
-67.50	 -22.00
-67.00	 -22.00
-66.50	 -22.00
-66.00	 -22.00
-65.50	 -22.00
-65.00	 -22.00
-64.50	 -22.00
-64.00	 -22.00
-63.50	 -22.00
-63.00	 -22.00
-62.50	 -22.00
-62.00	 -22.00
-61.50	 -22.00
-61.00	 -22.00
-60.50	 -22.00
-60.00	 -22.00
-59.50	 -22.00
-59.00	 -22.00
-58.50	 -22.00
-58.00	 -22.00
-57.50	 -22.00
-57.00	 -22.00
-56.50	 -22.00
-56.00	 -22.00
-55.50	 -22.00
-55.00	 -22.00
-54.50	 -22.00
-54.00	 -22.00
-53.50	 -22.00
-53.00	 -22.00
-52.50	 -22.00
-52.00	 -22.00
-51.50	 -22.00
-51.00	 -22.00
-50.50	 -22.00
-50.00	 -22.00
-49.50	 -22.00
-49.00	 -22.00
-48.50	 -22.00
-48.00	 -22.00
-47.50	 -22.00
-47.00	 -22.00
-46.50	 -22.00
-46.00	 -22.00
-45.50	 -22.00
-45.00	 -22.00
-44.50	 -22.00
-44.00	 -22.00
-43.50	 -22.00
-43.00	 -22.00
-42.50	 -22.00
-42.00	 -22.00
-41.50	 -22.00
-41.00	 -22.00
-40.50	 -22.00
-40.00	 -22.00
-39.50	 -22.00
-39.00	 -22.00
-38.50	 -22.00
-38.00	 -22.00
-37.50	 -22.00
-37.00	 -22.00
-36.50	 -22.00
-36.00	 -22.00
-35.50	 -22.00
-35.00	 -22.00
-34.50	 -22.00
-34.00	 -22.00
-33.50	 -22.00
-33.00	 -22.00
-32.50	 -22.00
-32.00	 -22.00
-31.50	 -22.00
-31.00	 -22.00
-30.50	 -22.00
-30.00	 -22.00
-29.50	 -22.00
-29.00	 -22.00
-28.50	 -22.00
-28.00	 -22.00
-27.50	 -22.00
-27.00	 -22.00
-26.50	 -22.00
-26.00	 -22.00
-25.50	 -22.00
-25.00	 -22.00
-24.50	 -22.00
-24.00	 -22.00
-23.50	 -22.00
-23.00	 -22.00
-22.50	 -22.00
-22.00	 -22.00
-21.50	 -22.00
-21.00	 -22.00
-20.50	 -22.00
-20.00	 -22.00
-19.50	 -22.00
-19.00	 -22.00
-18.50	 -22.00
-18.00	 -22.00
-17.50	 -22.00
-17.00	 -22.00
-16.50	 -22.00
-16.00	 -22.00
-15.50	 -22.00
-15.00	 -22.00
-14.50	 -22.00
-14.00	 -22.00
-13.50	 -22.00
-13.00	 -22.00
-12.50	 -22.00
-12.00	 -22.00
-11.50	 -22.00
-11.00	 -22.00
-10.50	 -22.00
-10.00	 -22.00
 -9.50	 -22.00
 -9.00	 -22.00
 -8.50	 -22.00
 -8.00	 -22.00
 -7.50	 -22.00
 -7.00	 -22.00
 -6.50	 -22.00
 -6.00	 -22.00
 -5.50	 -22.00
 -5.00	 -22.00
 -4.50	 -22.00
 -4.00	 -22.00
 -3.50	 -22.00
 -3.00	 -22.00
 -2.50	 -22.00
 -2.00	 -22.00
 -1.50	 -22.00
 -1.00	 -22.00
 -0.50	 -22.00
  0.00	 -22.00
  0.50	 -22.00
  1.00	 -22.00
  1.50	 -22.00
  2.00	 -22.00
-70.00	 -21.50
-69.50	 -21.50
-69.00	 -21.50
-68.50	 -21.50
-68.00	 -21.50
-67.50	 -21.50
-67.00	 -21.50
-66.50	 -21.50
-66.00	 -21.50
-65.50	 -21.50
-65.00	 -21.50
-64.50	 -21.50
-64.00	 -21.50
-63.50	 -21.50
-63.00	 -21.50
-62.50	 -21.50
-62.00	 -21.50
-61.50	 -21.50
-61.00	 -21.50
-60.50	 -21.50
-60.00	 -21.50
-59.50	 -21.50
-59.00	 -21.50
-58.50	 -21.50
-58.00	 -21.50
-57.50	 -21.50
-57.00	 -21.50
-56.50	 -21.50
-56.00	 -21.50
-55.50	 -21.50
-55.00	 -21.50
-54.50	 -21.50
-54.00	 -21.50
-53.50	 -21.50
-53.00	 -21.50
-52.50	 -21.50
-52.00	 -21.50
-51.50	 -21.50
-51.00	 -21.50
-50.50	 -21.50
-50.00	 -21.50
-49.50	 -21.50
-49.00	 -21.50
-48.50	 -21.50
-48.00	 -21.50
-47.50	 -21.50
-47.00	 -21.50
-46.50	 -21.50
-46.00	 -21.50
-45.50	 -21.50
-45.00	 -21.50
-44.50	 -21.50
-44.00	 -21.50
-43.50	 -21.50
-43.00	 -21.50
-42.50	 -21.50
-42.00	 -21.50
-41.50	 -21.50
-41.00	 -21.50
-40.50	 -21.50
-40.00	 -21.50
-39.50	 -21.50
-39.00	 -21.50
-38.50	 -21.50
-38.00	 -21.50
-37.50	 -21.50
-37.00	 -21.50
-36.50	 -21.50
-36.00	 -21.50
-35.50	 -21.50
-35.00	 -21.50
-34.50	 -21.50
-34.00	 -21.50
-33.50	 -21.50
-33.00	 -21.50
-32.50	 -21.50
-32.00	 -21.50
-31.50	 -21.50
-31.00	 -21.50
-30.50	 -21.50
-30.00	 -21.50
-29.50	 -21.50
-29.00	 -21.50
-28.50	 -21.50
-28.00	 -21.50
-27.50	 -21.50
-27.00	 -21.50
-26.50	 -21.50
-26.00	 -21.50
-25.50	 -21.50
-25.00	 -21.50
-24.50	 -21.50
-24.00	 -21.50
-23.50	 -21.50
-23.00	 -21.50
-22.50	 -21.50
-22.00	 -21.50
-21.50	 -21.50
-21.00	 -21.50
-20.50	 -21.50
-20.00	 -21.50
-19.50	 -21.50
-19.00	 -21.50
-18.50	 -21.50
-18.00	 -21.50
-17.50	 -21.50
-17.00	 -21.50
-16.50	 -21.50
-16.00	 -21.50
-15.50	 -21.50
-15.00	 -21.50
-14.50	 -21.50
-14.00	 -21.50
-13.50	 -21.50
-13.00	 -21.50
-12.50	 -21.50
-12.00	 -21.50
-11.50	 -21.50
-11.00	 -21.50
-10.50	 -21.50
-10.00	 -21.50
 -9.50	 -21.50
 -9.00	 -21.50
 -8.50	 -21.50
 -8.00	 -21.50
 -7.50	 -21.50
 -7.00	 -21.50
 -6.50	 -21.50
 -6.00	 -21.50
 -5.50	 -21.50
 -5.00	 -21.50
 -4.50	 -21.50
 -4.00	 -21.50
 -3.50	 -21.50
 -3.00	 -21.50
 -2.50	 -21.50
 -2.00	 -21.50
 -1.50	 -21.50
 -1.00	 -21.50
 -0.50	 -21.50
  0.00	 -21.50
  0.50	 -21.50
  1.00	 -21.50
  1.50	 -21.50
  2.00	 -21.50
-70.00	 -21.00
-69.50	 -21.00
-69.00	 -21.00
-68.50	 -21.00
-68.00	 -21.00
-67.50	 -21.00
-67.00	 -21.00
-66.50	 -21.00
-66.00	 -21.00
-65.50	 -21.00
-65.00	 -21.00
-64.50	 -21.00
-64.00	 -21.00
-63.50	 -21.00
-63.00	 -21.00
-62.50	 -21.00
-62.00	 -21.00
-61.50	 -21.00
-61.00	 -21.00
-60.50	 -21.00
-60.00	 -21.00
-59.50	 -21.00
-59.00	 -21.00
-58.50	 -21.00
-58.00	 -21.00
-57.50	 -21.00
-57.00	 -21.00
-56.50	 -21.00
-56.00	 -21.00
-55.50	 -21.00
-55.00	 -21.00
-54.50	 -21.00
-54.00	 -21.00
-53.50	 -21.00
-53.00	 -21.00
-52.50	 -21.00
-52.00	 -21.00
-51.50	 -21.00
-51.00	 -21.00
-50.50	 -21.00
-50.00	 -21.00
-49.50	 -21.00
-49.00	 -21.00
-48.50	 -21.00
-48.00	 -21.00
-47.50	 -21.00
-47.00	 -21.00
-46.50	 -21.00
-46.00	 -21.00
-45.50	 -21.00
-45.00	 -21.00
-44.50	 -21.00
-44.00	 -21.00
-43.50	 -21.00
-43.00	 -21.00
-42.50	 -21.00
-42.00	 -21.00
-41.50	 -21.00
-41.00	 -21.00
-40.50	 -21.00
-40.00	 -21.00
-39.50	 -21.00
-39.00	 -21.00
-38.50	 -21.00
-38.00	 -21.00
-37.50	 -21.00
-37.00	 -21.00
-36.50	 -21.00
-36.00	 -21.00
-35.50	 -21.00
-35.00	 -21.00
-34.50	 -21.00
-34.00	 -21.00
-33.50	 -21.00
-33.00	 -21.00
-32.50	 -21.00
-32.00	 -21.00
-31.50	 -21.00
-31.00	 -21.00
-30.50	 -21.00
-30.00	 -21.00
-29.50	 -21.00
-29.00	 -21.00
-28.50	 -21.00
-28.00	 -21.00
-27.50	 -21.00
-27.00	 -21.00
-26.50	 -21.00
-26.00	 -21.00
-25.50	 -21.00
-25.00	 -21.00
-24.50	 -21.00
-24.00	 -21.00
-23.50	 -21.00
-23.00	 -21.00
-22.50	 -21.00
-22.00	 -21.00
-21.50	 -21.00
-21.00	 -21.00
-20.50	 -21.00
-20.00	 -21.00
-19.50	 -21.00
-19.00	 -21.00
-18.50	 -21.00
-18.00	 -21.00
-17.50	 -21.00
-17.00	 -21.00
-16.50	 -21.00
-16.00	 -21.00
-15.50	 -21.00
-15.00	 -21.00
-14.50	 -21.00
-14.00	 -21.00
-13.50	 -21.00
-13.00	 -21.00
-12.50	 -21.00
-12.00	 -21.00
-11.50	 -21.00
-11.00	 -21.00
-10.50	 -21.00
-10.00	 -21.00
 -9.50	 -21.00
 -9.00	 -21.00
 -8.50	 -21.00
 -8.00	 -21.00
 -7.50	 -21.00
 -7.00	 -21.00
 -6.50	 -21.00
 -6.00	 -21.00
 -5.50	 -21.00
 -5.00	 -21.00
 -4.50	 -21.00
 -4.00	 -21.00
 -3.50	 -21.00
 -3.00	 -21.00
 -2.50	 -21.00
 -2.00	 -21.00
 -1.50	 -21.00
 -1.00	 -21.00
 -0.50	 -21.00
  0.00	 -21.00
  0.50	 -21.00
  1.00	 -21.00
  1.50	 -21.00
  2.00	 -21.00
-70.00	 -20.50
-69.50	 -20.50
-69.00	 -20.50
-68.50	 -20.50
-68.00	 -20.50
-67.50	 -20.50
-67.00	 -20.50
-66.50	 -20.50
-66.00	 -20.50
-65.50	 -20.50
-65.00	 -20.50
-64.50	 -20.50
-64.00	 -20.50
-63.50	 -20.50
-63.00	 -20.50
-62.50	 -20.50
-62.00	 -20.50
-61.50	 -20.50
-61.00	 -20.50
-60.50	 -20.50
-60.00	 -20.50
-59.50	 -20.50
-59.00	 -20.50
-58.50	 -20.50
-58.00	 -20.50
-57.50	 -20.50
-57.00	 -20.50
-56.50	 -20.50
-56.00	 -20.50
-55.50	 -20.50
-55.00	 -20.50
-54.50	 -20.50
-54.00	 -20.50
-53.50	 -20.50
-53.00	 -20.50
-52.50	 -20.50
-52.00	 -20.50
-51.50	 -20.50
-51.00	 -20.50
-50.50	 -20.50
-50.00	 -20.50
-49.50	 -20.50
-49.00	 -20.50
-48.50	 -20.50
-48.00	 -20.50
-47.50	 -20.50
-47.00	 -20.50
-46.50	 -20.50
-46.00	 -20.50
-45.50	 -20.50
-45.00	 -20.50
-44.50	 -20.50
-44.00	 -20.50
-43.50	 -20.50
-43.00	 -20.50
-42.50	 -20.50
-42.00	 -20.50
-41.50	 -20.50
-41.00	 -20.50
-40.50	 -20.50
-40.00	 -20.50
-39.50	 -20.50
-39.00	 -20.50
-38.50	 -20.50
-38.00	 -20.50
-37.50	 -20.50
-37.00	 -20.50
-36.50	 -20.50
-36.00	 -20.50
-35.50	 -20.50
-35.00	 -20.50
-34.50	 -20.50
-34.00	 -20.50
-33.50	 -20.50
-33.00	 -20.50
-32.50	 -20.50
-32.00	 -20.50
-31.50	 -20.50
-31.00	 -20.50
-30.50	 -20.50
-30.00	 -20.50
-29.50	 -20.50
-29.00	 -20.50
-28.50	 -20.50
-28.00	 -20.50
-27.50	 -20.50
-27.00	 -20.50
-26.50	 -20.50
-26.00	 -20.50
-25.50	 -20.50
-25.00	 -20.50
-24.50	 -20.50
-24.00	 -20.50
-23.50	 -20.50
-23.00	 -20.50
-22.50	 -20.50
-22.00	 -20.50
-21.50	 -20.50
-21.00	 -20.50
-20.50	 -20.50
-20.00	 -20.50
-19.50	 -20.50
-19.00	 -20.50
-18.50	 -20.50
-18.00	 -20.50
-17.50	 -20.50
-17.00	 -20.50
-16.50	 -20.50
-16.00	 -20.50
-15.50	 -20.50
-15.00	 -20.50
-14.50	 -20.50
-14.00	 -20.50
-13.50	 -20.50
-13.00	 -20.50
-12.50	 -20.50
-12.00	 -20.50
-11.50	 -20.50
-11.00	 -20.50
-10.50	 -20.50
-10.00	 -20.50
 -9.50	 -20.50
 -9.00	 -20.50
 -8.50	 -20.50
 -8.00	 -20.50
 -7.50	 -20.50
 -7.00	 -20.50
 -6.50	 -20.50
 -6.00	 -20.50
 -5.50	 -20.50
 -5.00	 -20.50
 -4.50	 -20.50
 -4.00	 -20.50
 -3.50	 -20.50
 -3.00	 -20.50
 -2.50	 -20.50
 -2.00	 -20.50
 -1.50	 -20.50
 -1.00	 -20.50
 -0.50	 -20.50
  0.00	 -20.50
  0.50	 -20.50
  1.00	 -20.50
  1.50	 -20.50
  2.00	 -20.50
-70.00	 -20.00
-69.50	 -20.00
-69.00	 -20.00
-68.50	 -20.00
-68.00	 -20.00
-67.50	 -20.00
-67.00	 -20.00
-66.50	 -20.00
-66.00	 -20.00
-65.50	 -20.00
-65.00	 -20.00
-64.50	 -20.00
-64.00	 -20.00
-63.50	 -20.00
-63.00	 -20.00
-62.50	 -20.00
-62.00	 -20.00
-61.50	 -20.00
-61.00	 -20.00
-60.50	 -20.00
-60.00	 -20.00
-59.50	 -20.00
-59.00	 -20.00
-58.50	 -20.00
-58.00	 -20.00
-57.50	 -20.00
-57.00	 -20.00
-56.50	 -20.00
-56.00	 -20.00
-55.50	 -20.00
-55.00	 -20.00
-54.50	 -20.00
-54.00	 -20.00
-53.50	 -20.00
-53.00	 -20.00
-52.50	 -20.00
-52.00	 -20.00
-51.50	 -20.00
-51.00	 -20.00
-50.50	 -20.00
-50.00	 -20.00
-49.50	 -20.00
-49.00	 -20.00
-48.50	 -20.00
-48.00	 -20.00
-47.50	 -20.00
-47.00	 -20.00
-46.50	 -20.00
-46.00	 -20.00
-45.50	 -20.00
-45.00	 -20.00
-44.50	 -20.00
-44.00	 -20.00
-43.50	 -20.00
-43.00	 -20.00
-42.50	 -20.00
-42.00	 -20.00
-41.50	 -20.00
-41.00	 -20.00
-40.50	 -20.00
-40.00	 -20.00
-39.50	 -20.00
-39.00	 -20.00
-38.50	 -20.00
-38.00	 -20.00
-37.50	 -20.00
-37.00	 -20.00
-36.50	 -20.00
-36.00	 -20.00
-35.50	 -20.00
-35.00	 -20.00
-34.50	 -20.00
-34.00	 -20.00
-33.50	 -20.00
-33.00	 -20.00
-32.50	 -20.00
-32.00	 -20.00
-31.50	 -20.00
-31.00	 -20.00
-30.50	 -20.00
-30.00	 -20.00
-29.50	 -20.00
-29.00	 -20.00
-28.50	 -20.00
-28.00	 -20.00
-27.50	 -20.00
-27.00	 -20.00
-26.50	 -20.00
-26.00	 -20.00
-25.50	 -20.00
-25.00	 -20.00
-24.50	 -20.00
-24.00	 -20.00
-23.50	 -20.00
-23.00	 -20.00
-22.50	 -20.00
-22.00	 -20.00
-21.50	 -20.00
-21.00	 -20.00
-20.50	 -20.00
-20.00	 -20.00
-19.50	 -20.00
-19.00	 -20.00
-18.50	 -20.00
-18.00	 -20.00
-17.50	 -20.00
-17.00	 -20.00
-16.50	 -20.00
-16.00	 -20.00
-15.50	 -20.00
-15.00	 -20.00
-14.50	 -20.00
-14.00	 -20.00
-13.50	 -20.00
-13.00	 -20.00
-12.50	 -20.00
-12.00	 -20.00
-11.50	 -20.00
-11.00	 -20.00
-10.50	 -20.00
-10.00	 -20.00
 -9.50	 -20.00
 -9.00	 -20.00
 -8.50	 -20.00
 -8.00	 -20.00
 -7.50	 -20.00
 -7.00	 -20.00
 -6.50	 -20.00
 -6.00	 -20.00
 -5.50	 -20.00
 -5.00	 -20.00
 -4.50	 -20.00
 -4.00	 -20.00
 -3.50	 -20.00
 -3.00	 -20.00
 -2.50	 -20.00
 -2.00	 -20.00
 -1.50	 -20.00
 -1.00	 -20.00
 -0.50	 -20.00
  0.00	 -20.00
  0.50	 -20.00
  1.00	 -20.00
  1.50	 -20.00
  2.00	 -20.00
-70.00	 -19.50
-69.50	 -19.50
-69.00	 -19.50
-68.50	 -19.50
-68.00	 -19.50
-67.50	 -19.50
-67.00	 -19.50
-66.50	 -19.50
-66.00	 -19.50
-65.50	 -19.50
-65.00	 -19.50
-64.50	 -19.50
-64.00	 -19.50
-63.50	 -19.50
-63.00	 -19.50
-62.50	 -19.50
-62.00	 -19.50
-61.50	 -19.50
-61.00	 -19.50
-60.50	 -19.50
-60.00	 -19.50
-59.50	 -19.50
-59.00	 -19.50
-58.50	 -19.50
-58.00	 -19.50
-57.50	 -19.50
-57.00	 -19.50
-56.50	 -19.50
-56.00	 -19.50
-55.50	 -19.50
-55.00	 -19.50
-54.50	 -19.50
-54.00	 -19.50
-53.50	 -19.50
-53.00	 -19.50
-52.50	 -19.50
-52.00	 -19.50
-51.50	 -19.50
-51.00	 -19.50
-50.50	 -19.50
-50.00	 -19.50
-49.50	 -19.50
-49.00	 -19.50
-48.50	 -19.50
-48.00	 -19.50
-47.50	 -19.50
-47.00	 -19.50
-46.50	 -19.50
-46.00	 -19.50
-45.50	 -19.50
-45.00	 -19.50
-44.50	 -19.50
-44.00	 -19.50
-43.50	 -19.50
-43.00	 -19.50
-42.50	 -19.50
-42.00	 -19.50
-41.50	 -19.50
-41.00	 -19.50
-40.50	 -19.50
-40.00	 -19.50
-39.50	 -19.50
-39.00	 -19.50
-38.50	 -19.50
-38.00	 -19.50
-37.50	 -19.50
-37.00	 -19.50
-36.50	 -19.50
-36.00	 -19.50
-35.50	 -19.50
-35.00	 -19.50
-34.50	 -19.50
-34.00	 -19.50
-33.50	 -19.50
-33.00	 -19.50
-32.50	 -19.50
-32.00	 -19.50
-31.50	 -19.50
-31.00	 -19.50
-30.50	 -19.50
-30.00	 -19.50
-29.50	 -19.50
-29.00	 -19.50
-28.50	 -19.50
-28.00	 -19.50
-27.50	 -19.50
-27.00	 -19.50
-26.50	 -19.50
-26.00	 -19.50
-25.50	 -19.50
-25.00	 -19.50
-24.50	 -19.50
-24.00	 -19.50
-23.50	 -19.50
-23.00	 -19.50
-22.50	 -19.50
-22.00	 -19.50
-21.50	 -19.50
-21.00	 -19.50
-20.50	 -19.50
-20.00	 -19.50
-19.50	 -19.50
-19.00	 -19.50
-18.50	 -19.50
-18.00	 -19.50
-17.50	 -19.50
-17.00	 -19.50
-16.50	 -19.50
-16.00	 -19.50
-15.50	 -19.50
-15.00	 -19.50
-14.50	 -19.50
-14.00	 -19.50
-13.50	 -19.50
-13.00	 -19.50
-12.50	 -19.50
-12.00	 -19.50
-11.50	 -19.50
-11.00	 -19.50
-10.50	 -19.50
-10.00	 -19.50
 -9.50	 -19.50
 -9.00	 -19.50
 -8.50	 -19.50
 -8.00	 -19.50
 -7.50	 -19.50
 -7.00	 -19.50
 -6.50	 -19.50
 -6.00	 -19.50
 -5.50	 -19.50
 -5.00	 -19.50
 -4.50	 -19.50
 -4.00	 -19.50
 -3.50	 -19.50
 -3.00	 -19.50
 -2.50	 -19.50
 -2.00	 -19.50
 -1.50	 -19.50
 -1.00	 -19.50
 -0.50	 -19.50
  0.00	 -19.50
  0.50	 -19.50
  1.00	 -19.50
  1.50	 -19.50
  2.00	 -19.50
-70.00	 -19.00
-69.50	 -19.00
-69.00	 -19.00
-68.50	 -19.00
-68.00	 -19.00
-67.50	 -19.00
-67.00	 -19.00
-66.50	 -19.00
-66.00	 -19.00
-65.50	 -19.00
-65.00	 -19.00
-64.50	 -19.00
-64.00	 -19.00
-63.50	 -19.00
-63.00	 -19.00
-62.50	 -19.00
-62.00	 -19.00
-61.50	 -19.00
-61.00	 -19.00
-60.50	 -19.00
-60.00	 -19.00
-59.50	 -19.00
-59.00	 -19.00
-58.50	 -19.00
-58.00	 -19.00
-57.50	 -19.00
-57.00	 -19.00
-56.50	 -19.00
-56.00	 -19.00
-55.50	 -19.00
-55.00	 -19.00
-54.50	 -19.00
-54.00	 -19.00
-53.50	 -19.00
-53.00	 -19.00
-52.50	 -19.00
-52.00	 -19.00
-51.50	 -19.00
-51.00	 -19.00
-50.50	 -19.00
-50.00	 -19.00
-49.50	 -19.00
-49.00	 -19.00
-48.50	 -19.00
-48.00	 -19.00
-47.50	 -19.00
-47.00	 -19.00
-46.50	 -19.00
-46.00	 -19.00
-45.50	 -19.00
-45.00	 -19.00
-44.50	 -19.00
-44.00	 -19.00
-43.50	 -19.00
-43.00	 -19.00
-42.50	 -19.00
-42.00	 -19.00
-41.50	 -19.00
-41.00	 -19.00
-40.50	 -19.00
-40.00	 -19.00
-39.50	 -19.00
-39.00	 -19.00
-38.50	 -19.00
-38.00	 -19.00
-37.50	 -19.00
-37.00	 -19.00
-36.50	 -19.00
-36.00	 -19.00
-35.50	 -19.00
-35.00	 -19.00
-34.50	 -19.00
-34.00	 -19.00
-33.50	 -19.00
-33.00	 -19.00
-32.50	 -19.00
-32.00	 -19.00
-31.50	 -19.00
-31.00	 -19.00
-30.50	 -19.00
-30.00	 -19.00
-29.50	 -19.00
-29.00	 -19.00
-28.50	 -19.00
-28.00	 -19.00
-27.50	 -19.00
-27.00	 -19.00
-26.50	 -19.00
-26.00	 -19.00
-25.50	 -19.00
-25.00	 -19.00
-24.50	 -19.00
-24.00	 -19.00
-23.50	 -19.00
-23.00	 -19.00
-22.50	 -19.00
-22.00	 -19.00
-21.50	 -19.00
-21.00	 -19.00
-20.50	 -19.00
-20.00	 -19.00
-19.50	 -19.00
-19.00	 -19.00
-18.50	 -19.00
-18.00	 -19.00
-17.50	 -19.00
-17.00	 -19.00
-16.50	 -19.00
-16.00	 -19.00
-15.50	 -19.00
-15.00	 -19.00
-14.50	 -19.00
-14.00	 -19.00
-13.50	 -19.00
-13.00	 -19.00
-12.50	 -19.00
-12.00	 -19.00
-11.50	 -19.00
-11.00	 -19.00
-10.50	 -19.00
-10.00	 -19.00
 -9.50	 -19.00
 -9.00	 -19.00
 -8.50	 -19.00
 -8.00	 -19.00
 -7.50	 -19.00
 -7.00	 -19.00
 -6.50	 -19.00
 -6.00	 -19.00
 -5.50	 -19.00
 -5.00	 -19.00
 -4.50	 -19.00
 -4.00	 -19.00
 -3.50	 -19.00
 -3.00	 -19.00
 -2.50	 -19.00
 -2.00	 -19.00
 -1.50	 -19.00
 -1.00	 -19.00
 -0.50	 -19.00
  0.00	 -19.00
  0.50	 -19.00
  1.00	 -19.00
  1.50	 -19.00
-70.00	 -18.50
-69.50	 -18.50
-69.00	 -18.50
-68.50	 -18.50
-68.00	 -18.50
-67.50	 -18.50
-67.00	 -18.50
-66.50	 -18.50
-66.00	 -18.50
-65.50	 -18.50
-65.00	 -18.50
-64.50	 -18.50
-64.00	 -18.50
-63.50	 -18.50
-63.00	 -18.50
-62.50	 -18.50
-62.00	 -18.50
-61.50	 -18.50
-61.00	 -18.50
-60.50	 -18.50
-60.00	 -18.50
-59.50	 -18.50
-59.00	 -18.50
-58.50	 -18.50
-58.00	 -18.50
-57.50	 -18.50
-57.00	 -18.50
-56.50	 -18.50
-56.00	 -18.50
-55.50	 -18.50
-55.00	 -18.50
-54.50	 -18.50
-54.00	 -18.50
-53.50	 -18.50
-53.00	 -18.50
-52.50	 -18.50
-52.00	 -18.50
-51.50	 -18.50
-51.00	 -18.50
-50.50	 -18.50
-50.00	 -18.50
-49.50	 -18.50
-49.00	 -18.50
-48.50	 -18.50
-48.00	 -18.50
-47.50	 -18.50
-47.00	 -18.50
-46.50	 -18.50
-46.00	 -18.50
-45.50	 -18.50
-45.00	 -18.50
-44.50	 -18.50
-44.00	 -18.50
-43.50	 -18.50
-43.00	 -18.50
-42.50	 -18.50
-42.00	 -18.50
-41.50	 -18.50
-41.00	 -18.50
-40.50	 -18.50
-40.00	 -18.50
-39.50	 -18.50
-39.00	 -18.50
-38.50	 -18.50
-38.00	 -18.50
-37.50	 -18.50
-37.00	 -18.50
-36.50	 -18.50
-36.00	 -18.50
-35.50	 -18.50
-35.00	 -18.50
-34.50	 -18.50
-34.00	 -18.50
-33.50	 -18.50
-33.00	 -18.50
-32.50	 -18.50
-32.00	 -18.50
-31.50	 -18.50
-31.00	 -18.50
-30.50	 -18.50
-30.00	 -18.50
-29.50	 -18.50
-29.00	 -18.50
-28.50	 -18.50
-28.00	 -18.50
-27.50	 -18.50
-27.00	 -18.50
-26.50	 -18.50
-26.00	 -18.50
-25.50	 -18.50
-25.00	 -18.50
-24.50	 -18.50
-24.00	 -18.50
-23.50	 -18.50
-23.00	 -18.50
-22.50	 -18.50
-22.00	 -18.50
-21.50	 -18.50
-21.00	 -18.50
-20.50	 -18.50
-20.00	 -18.50
-19.50	 -18.50
-19.00	 -18.50
-18.50	 -18.50
-18.00	 -18.50
-17.50	 -18.50
-17.00	 -18.50
-16.50	 -18.50
-16.00	 -18.50
-15.50	 -18.50
-15.00	 -18.50
-14.50	 -18.50
-14.00	 -18.50
-13.50	 -18.50
-13.00	 -18.50
-12.50	 -18.50
-12.00	 -18.50
-11.50	 -18.50
-11.00	 -18.50
-10.50	 -18.50
-10.00	 -18.50
 -9.50	 -18.50
 -9.00	 -18.50
 -8.50	 -18.50
 -8.00	 -18.50
 -7.50	 -18.50
 -7.00	 -18.50
 -6.50	 -18.50
 -6.00	 -18.50
 -5.50	 -18.50
 -5.00	 -18.50
 -4.50	 -18.50
 -4.00	 -18.50
 -3.50	 -18.50
 -3.00	 -18.50
 -2.50	 -18.50
 -2.00	 -18.50
 -1.50	 -18.50
 -1.00	 -18.50
 -0.50	 -18.50
  0.00	 -18.50
  0.50	 -18.50
  1.00	 -18.50
  1.50	 -18.50
-70.00	 -18.00
-69.50	 -18.00
-69.00	 -18.00
-68.50	 -18.00
-68.00	 -18.00
-67.50	 -18.00
-67.00	 -18.00
-66.50	 -18.00
-66.00	 -18.00
-65.50	 -18.00
-65.00	 -18.00
-64.50	 -18.00
-64.00	 -18.00
-63.50	 -18.00
-63.00	 -18.00
-62.50	 -18.00
-62.00	 -18.00
-61.50	 -18.00
-61.00	 -18.00
-60.50	 -18.00
-60.00	 -18.00
-59.50	 -18.00
-59.00	 -18.00
-58.50	 -18.00
-58.00	 -18.00
-57.50	 -18.00
-57.00	 -18.00
-56.50	 -18.00
-56.00	 -18.00
-55.50	 -18.00
-55.00	 -18.00
-54.50	 -18.00
-54.00	 -18.00
-53.50	 -18.00
-53.00	 -18.00
-52.50	 -18.00
-52.00	 -18.00
-51.50	 -18.00
-51.00	 -18.00
-50.50	 -18.00
-50.00	 -18.00
-49.50	 -18.00
-49.00	 -18.00
-48.50	 -18.00
-48.00	 -18.00
-47.50	 -18.00
-47.00	 -18.00
-46.50	 -18.00
-46.00	 -18.00
-45.50	 -18.00
-45.00	 -18.00
-44.50	 -18.00
-44.00	 -18.00
-43.50	 -18.00
-43.00	 -18.00
-42.50	 -18.00
-42.00	 -18.00
-41.50	 -18.00
-41.00	 -18.00
-40.50	 -18.00
-40.00	 -18.00
-39.50	 -18.00
-39.00	 -18.00
-38.50	 -18.00
-38.00	 -18.00
-37.50	 -18.00
-37.00	 -18.00
-36.50	 -18.00
-36.00	 -18.00
-35.50	 -18.00
-35.00	 -18.00
-34.50	 -18.00
-34.00	 -18.00
-33.50	 -18.00
-33.00	 -18.00
-32.50	 -18.00
-32.00	 -18.00
-31.50	 -18.00
-31.00	 -18.00
-30.50	 -18.00
-30.00	 -18.00
-29.50	 -18.00
-29.00	 -18.00
-28.50	 -18.00
-28.00	 -18.00
-27.50	 -18.00
-27.00	 -18.00
-26.50	 -18.00
-26.00	 -18.00
-25.50	 -18.00
-25.00	 -18.00
-24.50	 -18.00
-24.00	 -18.00
-23.50	 -18.00
-23.00	 -18.00
-22.50	 -18.00
-22.00	 -18.00
-21.50	 -18.00
-21.00	 -18.00
-20.50	 -18.00
-20.00	 -18.00
-19.50	 -18.00
-19.00	 -18.00
-18.50	 -18.00
-18.00	 -18.00
-17.50	 -18.00
-17.00	 -18.00
-16.50	 -18.00
-16.00	 -18.00
-15.50	 -18.00
-15.00	 -18.00
-14.50	 -18.00
-14.00	 -18.00
-13.50	 -18.00
-13.00	 -18.00
-12.50	 -18.00
-12.00	 -18.00
-11.50	 -18.00
-11.00	 -18.00
-10.50	 -18.00
-10.00	 -18.00
 -9.50	 -18.00
 -9.00	 -18.00
 -8.50	 -18.00
 -8.00	 -18.00
 -7.50	 -18.00
 -7.00	 -18.00
 -6.50	 -18.00
 -6.00	 -18.00
 -5.50	 -18.00
 -5.00	 -18.00
 -4.50	 -18.00
 -4.00	 -18.00
 -3.50	 -18.00
 -3.00	 -18.00
 -2.50	 -18.00
 -2.00	 -18.00
 -1.50	 -18.00
 -1.00	 -18.00
 -0.50	 -18.00
  0.00	 -18.00
  0.50	 -18.00
  1.00	 -18.00
  1.50	 -18.00
-69.50	 -17.50
-69.00	 -17.50
-68.50	 -17.50
-68.00	 -17.50
-67.50	 -17.50
-67.00	 -17.50
-66.50	 -17.50
-66.00	 -17.50
-65.50	 -17.50
-65.00	 -17.50
-64.50	 -17.50
-64.00	 -17.50
-63.50	 -17.50
-63.00	 -17.50
-62.50	 -17.50
-62.00	 -17.50
-61.50	 -17.50
-61.00	 -17.50
-60.50	 -17.50
-60.00	 -17.50
-59.50	 -17.50
-59.00	 -17.50
-58.50	 -17.50
-58.00	 -17.50
-57.50	 -17.50
-57.00	 -17.50
-56.50	 -17.50
-56.00	 -17.50
-55.50	 -17.50
-55.00	 -17.50
-54.50	 -17.50
-54.00	 -17.50
-53.50	 -17.50
-53.00	 -17.50
-52.50	 -17.50
-52.00	 -17.50
-51.50	 -17.50
-51.00	 -17.50
-50.50	 -17.50
-50.00	 -17.50
-49.50	 -17.50
-49.00	 -17.50
-48.50	 -17.50
-48.00	 -17.50
-47.50	 -17.50
-47.00	 -17.50
-46.50	 -17.50
-46.00	 -17.50
-45.50	 -17.50
-45.00	 -17.50
-44.50	 -17.50
-44.00	 -17.50
-43.50	 -17.50
-43.00	 -17.50
-42.50	 -17.50
-42.00	 -17.50
-41.50	 -17.50
-41.00	 -17.50
-40.50	 -17.50
-40.00	 -17.50
-39.50	 -17.50
-39.00	 -17.50
-38.50	 -17.50
-38.00	 -17.50
-37.50	 -17.50
-37.00	 -17.50
-36.50	 -17.50
-36.00	 -17.50
-35.50	 -17.50
-35.00	 -17.50
-34.50	 -17.50
-34.00	 -17.50
-33.50	 -17.50
-33.00	 -17.50
-32.50	 -17.50
-32.00	 -17.50
-31.50	 -17.50
-31.00	 -17.50
-30.50	 -17.50
-30.00	 -17.50
-29.50	 -17.50
-29.00	 -17.50
-28.50	 -17.50
-28.00	 -17.50
-27.50	 -17.50
-27.00	 -17.50
-26.50	 -17.50
-26.00	 -17.50
-25.50	 -17.50
-25.00	 -17.50
-24.50	 -17.50
-24.00	 -17.50
-23.50	 -17.50
-23.00	 -17.50
-22.50	 -17.50
-22.00	 -17.50
-21.50	 -17.50
-21.00	 -17.50
-20.50	 -17.50
-20.00	 -17.50
-19.50	 -17.50
-19.00	 -17.50
-18.50	 -17.50
-18.00	 -17.50
-17.50	 -17.50
-17.00	 -17.50
-16.50	 -17.50
-16.00	 -17.50
-15.50	 -17.50
-15.00	 -17.50
-14.50	 -17.50
-14.00	 -17.50
-13.50	 -17.50
-13.00	 -17.50
-12.50	 -17.50
-12.00	 -17.50
-11.50	 -17.50
-11.00	 -17.50
-10.50	 -17.50
-10.00	 -17.50
 -9.50	 -17.50
 -9.00	 -17.50
 -8.50	 -17.50
 -8.00	 -17.50
 -7.50	 -17.50
 -7.00	 -17.50
 -6.50	 -17.50
 -6.00	 -17.50
 -5.50	 -17.50
 -5.00	 -17.50
 -4.50	 -17.50
 -4.00	 -17.50
 -3.50	 -17.50
 -3.00	 -17.50
 -2.50	 -17.50
 -2.00	 -17.50
 -1.50	 -17.50
 -1.00	 -17.50
 -0.50	 -17.50
  0.00	 -17.50
  0.50	 -17.50
  1.00	 -17.50
  1.50	 -17.50
-67.50	 -17.00
-67.00	 -17.00
-66.50	 -17.00
-66.00	 -17.00
-65.50	 -17.00
-65.00	 -17.00
-64.50	 -17.00
-64.00	 -17.00
-63.50	 -17.00
-63.00	 -17.00
-62.50	 -17.00
-62.00	 -17.00
-61.50	 -17.00
-61.00	 -17.00
-60.50	 -17.00
-60.00	 -17.00
-59.50	 -17.00
-59.00	 -17.00
-58.50	 -17.00
-58.00	 -17.00
-57.50	 -17.00
-57.00	 -17.00
-56.50	 -17.00
-56.00	 -17.00
-55.50	 -17.00
-55.00	 -17.00
-54.50	 -17.00
-54.00	 -17.00
-53.50	 -17.00
-53.00	 -17.00
-52.50	 -17.00
-52.00	 -17.00
-51.50	 -17.00
-51.00	 -17.00
-50.50	 -17.00
-50.00	 -17.00
-49.50	 -17.00
-49.00	 -17.00
-48.50	 -17.00
-48.00	 -17.00
-47.50	 -17.00
-47.00	 -17.00
-46.50	 -17.00
-46.00	 -17.00
-45.50	 -17.00
-45.00	 -17.00
-44.50	 -17.00
-44.00	 -17.00
-43.50	 -17.00
-43.00	 -17.00
-42.50	 -17.00
-42.00	 -17.00
-41.50	 -17.00
-41.00	 -17.00
-40.50	 -17.00
-40.00	 -17.00
-39.50	 -17.00
-39.00	 -17.00
-38.50	 -17.00
-38.00	 -17.00
-37.50	 -17.00
-37.00	 -17.00
-36.50	 -17.00
-36.00	 -17.00
-35.50	 -17.00
-35.00	 -17.00
-34.50	 -17.00
-34.00	 -17.00
-33.50	 -17.00
-33.00	 -17.00
-32.50	 -17.00
-32.00	 -17.00
-31.50	 -17.00
-31.00	 -17.00
-30.50	 -17.00
-30.00	 -17.00
-29.50	 -17.00
-29.00	 -17.00
-28.50	 -17.00
-28.00	 -17.00
-27.50	 -17.00
-27.00	 -17.00
-26.50	 -17.00
-26.00	 -17.00
-25.50	 -17.00
-25.00	 -17.00
-24.50	 -17.00
-24.00	 -17.00
-23.50	 -17.00
-23.00	 -17.00
-22.50	 -17.00
-22.00	 -17.00
-21.50	 -17.00
-21.00	 -17.00
-20.50	 -17.00
-20.00	 -17.00
-19.50	 -17.00
-19.00	 -17.00
-18.50	 -17.00
-18.00	 -17.00
-17.50	 -17.00
-17.00	 -17.00
-16.50	 -17.00
-16.00	 -17.00
-15.50	 -17.00
-15.00	 -17.00
-14.50	 -17.00
-14.00	 -17.00
-13.50	 -17.00
-13.00	 -17.00
-12.50	 -17.00
-12.00	 -17.00
-11.50	 -17.00
-11.00	 -17.00
-10.50	 -17.00
-10.00	 -17.00
 -9.50	 -17.00
 -9.00	 -17.00
 -8.50	 -17.00
 -8.00	 -17.00
 -7.50	 -17.00
 -7.00	 -17.00
 -6.50	 -17.00
 -6.00	 -17.00
 -5.50	 -17.00
 -5.00	 -17.00
 -4.50	 -17.00
 -4.00	 -17.00
 -3.50	 -17.00
 -3.00	 -17.00
 -2.50	 -17.00
 -2.00	 -17.00
 -1.50	 -17.00
 -1.00	 -17.00
 -0.50	 -17.00
  0.00	 -17.00
  0.50	 -17.00
  1.00	 -17.00
  1.50	 -17.00
-65.50	 -16.50
-65.00	 -16.50
-64.50	 -16.50
-64.00	 -16.50
-63.50	 -16.50
-63.00	 -16.50
-62.50	 -16.50
-62.00	 -16.50
-61.50	 -16.50
-61.00	 -16.50
-60.50	 -16.50
-60.00	 -16.50
-59.50	 -16.50
-59.00	 -16.50
-58.50	 -16.50
-58.00	 -16.50
-57.50	 -16.50
-57.00	 -16.50
-56.50	 -16.50
-56.00	 -16.50
-55.50	 -16.50
-55.00	 -16.50
-54.50	 -16.50
-54.00	 -16.50
-53.50	 -16.50
-53.00	 -16.50
-52.50	 -16.50
-52.00	 -16.50
-51.50	 -16.50
-51.00	 -16.50
-50.50	 -16.50
-50.00	 -16.50
-49.50	 -16.50
-49.00	 -16.50
-48.50	 -16.50
-48.00	 -16.50
-47.50	 -16.50
-47.00	 -16.50
-46.50	 -16.50
-46.00	 -16.50
-45.50	 -16.50
-45.00	 -16.50
-44.50	 -16.50
-44.00	 -16.50
-43.50	 -16.50
-43.00	 -16.50
-42.50	 -16.50
-42.00	 -16.50
-41.50	 -16.50
-41.00	 -16.50
-40.50	 -16.50
-40.00	 -16.50
-39.50	 -16.50
-39.00	 -16.50
-38.50	 -16.50
-38.00	 -16.50
-37.50	 -16.50
-37.00	 -16.50
-36.50	 -16.50
-36.00	 -16.50
-35.50	 -16.50
-35.00	 -16.50
-34.50	 -16.50
-34.00	 -16.50
-33.50	 -16.50
-33.00	 -16.50
-32.50	 -16.50
-32.00	 -16.50
-31.50	 -16.50
-31.00	 -16.50
-30.50	 -16.50
-30.00	 -16.50
-29.50	 -16.50
-29.00	 -16.50
-28.50	 -16.50
-28.00	 -16.50
-27.50	 -16.50
-27.00	 -16.50
-26.50	 -16.50
-26.00	 -16.50
-25.50	 -16.50
-25.00	 -16.50
-24.50	 -16.50
-24.00	 -16.50
-23.50	 -16.50
-23.00	 -16.50
-22.50	 -16.50
-22.00	 -16.50
-21.50	 -16.50
-21.00	 -16.50
-20.50	 -16.50
-20.00	 -16.50
-19.50	 -16.50
-19.00	 -16.50
-18.50	 -16.50
-18.00	 -16.50
-17.50	 -16.50
-17.00	 -16.50
-16.50	 -16.50
-16.00	 -16.50
-15.50	 -16.50
-15.00	 -16.50
-14.50	 -16.50
-14.00	 -16.50
-13.50	 -16.50
-13.00	 -16.50
-12.50	 -16.50
-12.00	 -16.50
-11.50	 -16.50
-11.00	 -16.50
-10.50	 -16.50
-10.00	 -16.50
 -9.50	 -16.50
 -9.00	 -16.50
 -8.50	 -16.50
 -8.00	 -16.50
 -7.50	 -16.50
 -7.00	 -16.50
 -6.50	 -16.50
 -6.00	 -16.50
 -5.50	 -16.50
 -5.00	 -16.50
 -4.50	 -16.50
 -4.00	 -16.50
 -3.50	 -16.50
 -3.00	 -16.50
 -2.50	 -16.50
 -2.00	 -16.50
 -1.50	 -16.50
 -1.00	 -16.50
 -0.50	 -16.50
  0.00	 -16.50
  0.50	 -16.50
  1.00	 -16.50
  1.50	 -16.50
-63.50	 -16.00
-63.00	 -16.00
-62.50	 -16.00
-62.00	 -16.00
-61.50	 -16.00
-61.00	 -16.00
-60.50	 -16.00
-60.00	 -16.00
-59.50	 -16.00
-59.00	 -16.00
-58.50	 -16.00
-58.00	 -16.00
-57.50	 -16.00
-57.00	 -16.00
-56.50	 -16.00
-56.00	 -16.00
-55.50	 -16.00
-55.00	 -16.00
-54.50	 -16.00
-54.00	 -16.00
-53.50	 -16.00
-53.00	 -16.00
-52.50	 -16.00
-52.00	 -16.00
-51.50	 -16.00
-51.00	 -16.00
-50.50	 -16.00
-50.00	 -16.00
-49.50	 -16.00
-49.00	 -16.00
-48.50	 -16.00
-48.00	 -16.00
-47.50	 -16.00
-47.00	 -16.00
-46.50	 -16.00
-46.00	 -16.00
-45.50	 -16.00
-45.00	 -16.00
-44.50	 -16.00
-44.00	 -16.00
-43.50	 -16.00
-43.00	 -16.00
-42.50	 -16.00
-42.00	 -16.00
-41.50	 -16.00
-41.00	 -16.00
-40.50	 -16.00
-40.00	 -16.00
-39.50	 -16.00
-39.00	 -16.00
-38.50	 -16.00
-38.00	 -16.00
-37.50	 -16.00
-37.00	 -16.00
-36.50	 -16.00
-36.00	 -16.00
-35.50	 -16.00
-35.00	 -16.00
-34.50	 -16.00
-34.00	 -16.00
-33.50	 -16.00
-33.00	 -16.00
-32.50	 -16.00
-32.00	 -16.00
-31.50	 -16.00
-31.00	 -16.00
-30.50	 -16.00
-30.00	 -16.00
-29.50	 -16.00
-29.00	 -16.00
-28.50	 -16.00
-28.00	 -16.00
-27.50	 -16.00
-27.00	 -16.00
-26.50	 -16.00
-26.00	 -16.00
-25.50	 -16.00
-25.00	 -16.00
-24.50	 -16.00
-24.00	 -16.00
-23.50	 -16.00
-23.00	 -16.00
-22.50	 -16.00
-22.00	 -16.00
-21.50	 -16.00
-21.00	 -16.00
-20.50	 -16.00
-20.00	 -16.00
-19.50	 -16.00
-19.00	 -16.00
-18.50	 -16.00
-18.00	 -16.00
-17.50	 -16.00
-17.00	 -16.00
-16.50	 -16.00
-16.00	 -16.00
-15.50	 -16.00
-15.00	 -16.00
-14.50	 -16.00
-14.00	 -16.00
-13.50	 -16.00
-13.00	 -16.00
-12.50	 -16.00
-12.00	 -16.00
-11.50	 -16.00
-11.00	 -16.00
-10.50	 -16.00
-10.00	 -16.00
 -9.50	 -16.00
 -9.00	 -16.00
 -8.50	 -16.00
 -8.00	 -16.00
 -7.50	 -16.00
 -7.00	 -16.00
 -6.50	 -16.00
 -6.00	 -16.00
 -5.50	 -16.00
 -5.00	 -16.00
 -4.50	 -16.00
 -4.00	 -16.00
 -3.50	 -16.00
 -3.00	 -16.00
 -2.50	 -16.00
 -2.00	 -16.00
 -1.50	 -16.00
 -1.00	 -16.00
 -0.50	 -16.00
  0.00	 -16.00
  0.50	 -16.00
  1.00	 -16.00
  1.50	 -16.00
-61.50	 -15.50
-61.00	 -15.50
-60.50	 -15.50
-60.00	 -15.50
-59.50	 -15.50
-59.00	 -15.50
-58.50	 -15.50
-58.00	 -15.50
-57.50	 -15.50
-57.00	 -15.50
-56.50	 -15.50
-56.00	 -15.50
-55.50	 -15.50
-55.00	 -15.50
-54.50	 -15.50
-54.00	 -15.50
-53.50	 -15.50
-53.00	 -15.50
-52.50	 -15.50
-52.00	 -15.50
-51.50	 -15.50
-51.00	 -15.50
-50.50	 -15.50
-50.00	 -15.50
-49.50	 -15.50
-49.00	 -15.50
-48.50	 -15.50
-48.00	 -15.50
-47.50	 -15.50
-47.00	 -15.50
-46.50	 -15.50
-46.00	 -15.50
-45.50	 -15.50
-45.00	 -15.50
-44.50	 -15.50
-44.00	 -15.50
-43.50	 -15.50
-43.00	 -15.50
-42.50	 -15.50
-42.00	 -15.50
-41.50	 -15.50
-41.00	 -15.50
-40.50	 -15.50
-40.00	 -15.50
-39.50	 -15.50
-39.00	 -15.50
-38.50	 -15.50
-38.00	 -15.50
-37.50	 -15.50
-37.00	 -15.50
-36.50	 -15.50
-36.00	 -15.50
-35.50	 -15.50
-35.00	 -15.50
-34.50	 -15.50
-34.00	 -15.50
-33.50	 -15.50
-33.00	 -15.50
-32.50	 -15.50
-32.00	 -15.50
-31.50	 -15.50
-31.00	 -15.50
-30.50	 -15.50
-30.00	 -15.50
-29.50	 -15.50
-29.00	 -15.50
-28.50	 -15.50
-28.00	 -15.50
-27.50	 -15.50
-27.00	 -15.50
-26.50	 -15.50
-26.00	 -15.50
-25.50	 -15.50
-25.00	 -15.50
-24.50	 -15.50
-24.00	 -15.50
-23.50	 -15.50
-23.00	 -15.50
-22.50	 -15.50
-22.00	 -15.50
-21.50	 -15.50
-21.00	 -15.50
-20.50	 -15.50
-20.00	 -15.50
-19.50	 -15.50
-19.00	 -15.50
-18.50	 -15.50
-18.00	 -15.50
-17.50	 -15.50
-17.00	 -15.50
-16.50	 -15.50
-16.00	 -15.50
-15.50	 -15.50
-15.00	 -15.50
-14.50	 -15.50
-14.00	 -15.50
-13.50	 -15.50
-13.00	 -15.50
-12.50	 -15.50
-12.00	 -15.50
-11.50	 -15.50
-11.00	 -15.50
-10.50	 -15.50
-10.00	 -15.50
 -9.50	 -15.50
 -9.00	 -15.50
 -8.50	 -15.50
 -8.00	 -15.50
 -7.50	 -15.50
 -7.00	 -15.50
 -6.50	 -15.50
 -6.00	 -15.50
 -5.50	 -15.50
 -5.00	 -15.50
 -4.50	 -15.50
 -4.00	 -15.50
 -3.50	 -15.50
 -3.00	 -15.50
 -2.50	 -15.50
 -2.00	 -15.50
 -1.50	 -15.50
 -1.00	 -15.50
 -0.50	 -15.50
  0.00	 -15.50
  0.50	 -15.50
  1.00	 -15.50
  1.50	 -15.50
-59.50	 -15.00
-59.00	 -15.00
-58.50	 -15.00
-58.00	 -15.00
-57.50	 -15.00
-57.00	 -15.00
-56.50	 -15.00
-56.00	 -15.00
-55.50	 -15.00
-55.00	 -15.00
-54.50	 -15.00
-54.00	 -15.00
-53.50	 -15.00
-53.00	 -15.00
-52.50	 -15.00
-52.00	 -15.00
-51.50	 -15.00
-51.00	 -15.00
-50.50	 -15.00
-50.00	 -15.00
-49.50	 -15.00
-49.00	 -15.00
-48.50	 -15.00
-48.00	 -15.00
-47.50	 -15.00
-47.00	 -15.00
-46.50	 -15.00
-46.00	 -15.00
-45.50	 -15.00
-45.00	 -15.00
-44.50	 -15.00
-44.00	 -15.00
-43.50	 -15.00
-43.00	 -15.00
-42.50	 -15.00
-42.00	 -15.00
-41.50	 -15.00
-41.00	 -15.00
-40.50	 -15.00
-40.00	 -15.00
-39.50	 -15.00
-39.00	 -15.00
-38.50	 -15.00
-38.00	 -15.00
-37.50	 -15.00
-37.00	 -15.00
-36.50	 -15.00
-36.00	 -15.00
-35.50	 -15.00
-35.00	 -15.00
-34.50	 -15.00
-34.00	 -15.00
-33.50	 -15.00
-33.00	 -15.00
-32.50	 -15.00
-32.00	 -15.00
-31.50	 -15.00
-31.00	 -15.00
-30.50	 -15.00
-30.00	 -15.00
-29.50	 -15.00
-29.00	 -15.00
-28.50	 -15.00
-28.00	 -15.00
-27.50	 -15.00
-27.00	 -15.00
-26.50	 -15.00
-26.00	 -15.00
-25.50	 -15.00
-25.00	 -15.00
-24.50	 -15.00
-24.00	 -15.00
-23.50	 -15.00
-23.00	 -15.00
-22.50	 -15.00
-22.00	 -15.00
-21.50	 -15.00
-21.00	 -15.00
-20.50	 -15.00
-20.00	 -15.00
-19.50	 -15.00
-19.00	 -15.00
-18.50	 -15.00
-18.00	 -15.00
-17.50	 -15.00
-17.00	 -15.00
-16.50	 -15.00
-16.00	 -15.00
-15.50	 -15.00
-15.00	 -15.00
-14.50	 -15.00
-14.00	 -15.00
-13.50	 -15.00
-13.00	 -15.00
-12.50	 -15.00
-12.00	 -15.00
-11.50	 -15.00
-11.00	 -15.00
-10.50	 -15.00
-10.00	 -15.00
 -9.50	 -15.00
 -9.00	 -15.00
 -8.50	 -15.00
 -8.00	 -15.00
 -7.50	 -15.00
 -7.00	 -15.00
 -6.50	 -15.00
 -6.00	 -15.00
 -5.50	 -15.00
 -5.00	 -15.00
 -4.50	 -15.00
 -4.00	 -15.00
 -3.50	 -15.00
 -3.00	 -15.00
 -2.50	 -15.00
 -2.00	 -15.00
 -1.50	 -15.00
 -1.00	 -15.00
 -0.50	 -15.00
  0.00	 -15.00
  0.50	 -15.00
  1.00	 -15.00
  1.50	 -15.00
-58.00	 -14.50
-57.50	 -14.50
-57.00	 -14.50
-56.50	 -14.50
-56.00	 -14.50
-55.50	 -14.50
-55.00	 -14.50
-54.50	 -14.50
-54.00	 -14.50
-53.50	 -14.50
-53.00	 -14.50
-52.50	 -14.50
-52.00	 -14.50
-51.50	 -14.50
-51.00	 -14.50
-50.50	 -14.50
-50.00	 -14.50
-49.50	 -14.50
-49.00	 -14.50
-48.50	 -14.50
-48.00	 -14.50
-47.50	 -14.50
-47.00	 -14.50
-46.50	 -14.50
-46.00	 -14.50
-45.50	 -14.50
-45.00	 -14.50
-44.50	 -14.50
-44.00	 -14.50
-43.50	 -14.50
-43.00	 -14.50
-42.50	 -14.50
-42.00	 -14.50
-41.50	 -14.50
-41.00	 -14.50
-40.50	 -14.50
-40.00	 -14.50
-39.50	 -14.50
-39.00	 -14.50
-38.50	 -14.50
-38.00	 -14.50
-37.50	 -14.50
-37.00	 -14.50
-36.50	 -14.50
-36.00	 -14.50
-35.50	 -14.50
-35.00	 -14.50
-34.50	 -14.50
-34.00	 -14.50
-33.50	 -14.50
-33.00	 -14.50
-32.50	 -14.50
-32.00	 -14.50
-31.50	 -14.50
-31.00	 -14.50
-30.50	 -14.50
-30.00	 -14.50
-29.50	 -14.50
-29.00	 -14.50
-28.50	 -14.50
-28.00	 -14.50
-27.50	 -14.50
-27.00	 -14.50
-26.50	 -14.50
-26.00	 -14.50
-25.50	 -14.50
-25.00	 -14.50
-24.50	 -14.50
-24.00	 -14.50
-23.50	 -14.50
-23.00	 -14.50
-22.50	 -14.50
-22.00	 -14.50
-21.50	 -14.50
-21.00	 -14.50
-20.50	 -14.50
-20.00	 -14.50
-19.50	 -14.50
-19.00	 -14.50
-18.50	 -14.50
-18.00	 -14.50
-17.50	 -14.50
-17.00	 -14.50
-16.50	 -14.50
-16.00	 -14.50
-15.50	 -14.50
-15.00	 -14.50
-14.50	 -14.50
-14.00	 -14.50
-13.50	 -14.50
-13.00	 -14.50
-12.50	 -14.50
-12.00	 -14.50
-11.50	 -14.50
-11.00	 -14.50
-10.50	 -14.50
-10.00	 -14.50
 -9.50	 -14.50
 -9.00	 -14.50
 -8.50	 -14.50
 -8.00	 -14.50
 -7.50	 -14.50
 -7.00	 -14.50
 -6.50	 -14.50
 -6.00	 -14.50
 -5.50	 -14.50
 -5.00	 -14.50
 -4.50	 -14.50
 -4.00	 -14.50
 -3.50	 -14.50
 -3.00	 -14.50
 -2.50	 -14.50
 -2.00	 -14.50
 -1.50	 -14.50
 -1.00	 -14.50
 -0.50	 -14.50
  0.00	 -14.50
  0.50	 -14.50
  1.00	 -14.50
  1.50	 -14.50
-55.50	 -14.00
-55.00	 -14.00
-54.50	 -14.00
-54.00	 -14.00
-53.50	 -14.00
-53.00	 -14.00
-52.50	 -14.00
-52.00	 -14.00
-51.50	 -14.00
-51.00	 -14.00
-50.50	 -14.00
-50.00	 -14.00
-49.50	 -14.00
-49.00	 -14.00
-48.50	 -14.00
-48.00	 -14.00
-47.50	 -14.00
-47.00	 -14.00
-46.50	 -14.00
-46.00	 -14.00
-45.50	 -14.00
-45.00	 -14.00
-44.50	 -14.00
-44.00	 -14.00
-43.50	 -14.00
-43.00	 -14.00
-42.50	 -14.00
-42.00	 -14.00
-41.50	 -14.00
-41.00	 -14.00
-40.50	 -14.00
-40.00	 -14.00
-39.50	 -14.00
-39.00	 -14.00
-38.50	 -14.00
-38.00	 -14.00
-37.50	 -14.00
-37.00	 -14.00
-36.50	 -14.00
-36.00	 -14.00
-35.50	 -14.00
-35.00	 -14.00
-34.50	 -14.00
-34.00	 -14.00
-33.50	 -14.00
-33.00	 -14.00
-32.50	 -14.00
-32.00	 -14.00
-31.50	 -14.00
-31.00	 -14.00
-30.50	 -14.00
-30.00	 -14.00
-29.50	 -14.00
-29.00	 -14.00
-28.50	 -14.00
-28.00	 -14.00
-27.50	 -14.00
-27.00	 -14.00
-26.50	 -14.00
-26.00	 -14.00
-25.50	 -14.00
-25.00	 -14.00
-24.50	 -14.00
-24.00	 -14.00
-23.50	 -14.00
-23.00	 -14.00
-22.50	 -14.00
-22.00	 -14.00
-21.50	 -14.00
-21.00	 -14.00
-20.50	 -14.00
-20.00	 -14.00
-19.50	 -14.00
-19.00	 -14.00
-18.50	 -14.00
-18.00	 -14.00
-17.50	 -14.00
-17.00	 -14.00
-16.50	 -14.00
-16.00	 -14.00
-15.50	 -14.00
-15.00	 -14.00
-14.50	 -14.00
-14.00	 -14.00
-13.50	 -14.00
-13.00	 -14.00
-12.50	 -14.00
-12.00	 -14.00
-11.50	 -14.00
-11.00	 -14.00
-10.50	 -14.00
-10.00	 -14.00
 -9.50	 -14.00
 -9.00	 -14.00
 -8.50	 -14.00
 -8.00	 -14.00
 -7.50	 -14.00
 -7.00	 -14.00
 -6.50	 -14.00
 -6.00	 -14.00
 -5.50	 -14.00
 -5.00	 -14.00
 -4.50	 -14.00
 -4.00	 -14.00
 -3.50	 -14.00
 -3.00	 -14.00
 -2.50	 -14.00
 -2.00	 -14.00
 -1.50	 -14.00
 -1.00	 -14.00
 -0.50	 -14.00
  0.00	 -14.00
  0.50	 -14.00
  1.00	 -14.00
-53.50	 -13.50
-53.00	 -13.50
-52.50	 -13.50
-52.00	 -13.50
-51.50	 -13.50
-51.00	 -13.50
-50.50	 -13.50
-50.00	 -13.50
-49.50	 -13.50
-49.00	 -13.50
-48.50	 -13.50
-48.00	 -13.50
-47.50	 -13.50
-47.00	 -13.50
-46.50	 -13.50
-46.00	 -13.50
-45.50	 -13.50
-45.00	 -13.50
-44.50	 -13.50
-44.00	 -13.50
-43.50	 -13.50
-43.00	 -13.50
-42.50	 -13.50
-42.00	 -13.50
-41.50	 -13.50
-41.00	 -13.50
-40.50	 -13.50
-40.00	 -13.50
-39.50	 -13.50
-39.00	 -13.50
-38.50	 -13.50
-38.00	 -13.50
-37.50	 -13.50
-37.00	 -13.50
-36.50	 -13.50
-36.00	 -13.50
-35.50	 -13.50
-35.00	 -13.50
-34.50	 -13.50
-34.00	 -13.50
-33.50	 -13.50
-33.00	 -13.50
-32.50	 -13.50
-32.00	 -13.50
-31.50	 -13.50
-31.00	 -13.50
-30.50	 -13.50
-30.00	 -13.50
-29.50	 -13.50
-29.00	 -13.50
-28.50	 -13.50
-28.00	 -13.50
-27.50	 -13.50
-27.00	 -13.50
-26.50	 -13.50
-26.00	 -13.50
-25.50	 -13.50
-25.00	 -13.50
-24.50	 -13.50
-24.00	 -13.50
-23.50	 -13.50
-23.00	 -13.50
-22.50	 -13.50
-22.00	 -13.50
-21.50	 -13.50
-21.00	 -13.50
-20.50	 -13.50
-20.00	 -13.50
-19.50	 -13.50
-19.00	 -13.50
-18.50	 -13.50
-18.00	 -13.50
-17.50	 -13.50
-17.00	 -13.50
-16.50	 -13.50
-16.00	 -13.50
-15.50	 -13.50
-15.00	 -13.50
-14.50	 -13.50
-14.00	 -13.50
-13.50	 -13.50
-13.00	 -13.50
-12.50	 -13.50
-12.00	 -13.50
-11.50	 -13.50
-11.00	 -13.50
-10.50	 -13.50
-10.00	 -13.50
 -9.50	 -13.50
 -9.00	 -13.50
 -8.50	 -13.50
 -8.00	 -13.50
 -7.50	 -13.50
 -7.00	 -13.50
 -6.50	 -13.50
 -6.00	 -13.50
 -5.50	 -13.50
 -5.00	 -13.50
 -4.50	 -13.50
 -4.00	 -13.50
 -3.50	 -13.50
 -3.00	 -13.50
 -2.50	 -13.50
 -2.00	 -13.50
 -1.50	 -13.50
 -1.00	 -13.50
 -0.50	 -13.50
  0.00	 -13.50
  0.50	 -13.50
  1.00	 -13.50
-51.50	 -13.00
-51.00	 -13.00
-50.50	 -13.00
-50.00	 -13.00
-49.50	 -13.00
-49.00	 -13.00
-48.50	 -13.00
-48.00	 -13.00
-47.50	 -13.00
-47.00	 -13.00
-46.50	 -13.00
-46.00	 -13.00
-45.50	 -13.00
-45.00	 -13.00
-44.50	 -13.00
-44.00	 -13.00
-43.50	 -13.00
-43.00	 -13.00
-42.50	 -13.00
-42.00	 -13.00
-41.50	 -13.00
-41.00	 -13.00
-40.50	 -13.00
-40.00	 -13.00
-39.50	 -13.00
-39.00	 -13.00
-38.50	 -13.00
-38.00	 -13.00
-37.50	 -13.00
-37.00	 -13.00
-36.50	 -13.00
-36.00	 -13.00
-35.50	 -13.00
-35.00	 -13.00
-34.50	 -13.00
-34.00	 -13.00
-33.50	 -13.00
-33.00	 -13.00
-32.50	 -13.00
-32.00	 -13.00
-31.50	 -13.00
-31.00	 -13.00
-30.50	 -13.00
-30.00	 -13.00
-29.50	 -13.00
-29.00	 -13.00
-28.50	 -13.00
-28.00	 -13.00
-27.50	 -13.00
-27.00	 -13.00
-26.50	 -13.00
-26.00	 -13.00
-25.50	 -13.00
-25.00	 -13.00
-24.50	 -13.00
-24.00	 -13.00
-23.50	 -13.00
-23.00	 -13.00
-22.50	 -13.00
-22.00	 -13.00
-21.50	 -13.00
-21.00	 -13.00
-20.50	 -13.00
-20.00	 -13.00
-19.50	 -13.00
-19.00	 -13.00
-18.50	 -13.00
-18.00	 -13.00
-17.50	 -13.00
-17.00	 -13.00
-16.50	 -13.00
-16.00	 -13.00
-15.50	 -13.00
-15.00	 -13.00
-14.50	 -13.00
-14.00	 -13.00
-13.50	 -13.00
-13.00	 -13.00
-12.50	 -13.00
-12.00	 -13.00
-11.50	 -13.00
-11.00	 -13.00
-10.50	 -13.00
-10.00	 -13.00
 -9.50	 -13.00
 -9.00	 -13.00
 -8.50	 -13.00
 -8.00	 -13.00
 -7.50	 -13.00
 -7.00	 -13.00
 -6.50	 -13.00
 -6.00	 -13.00
 -5.50	 -13.00
 -5.00	 -13.00
 -4.50	 -13.00
 -4.00	 -13.00
 -3.50	 -13.00
 -3.00	 -13.00
 -2.50	 -13.00
 -2.00	 -13.00
 -1.50	 -13.00
 -1.00	 -13.00
 -0.50	 -13.00
  0.00	 -13.00
  0.50	 -13.00
  1.00	 -13.00
-50.00	 -12.50
-49.50	 -12.50
-49.00	 -12.50
-48.50	 -12.50
-48.00	 -12.50
-47.50	 -12.50
-47.00	 -12.50
-46.50	 -12.50
-46.00	 -12.50
-45.50	 -12.50
-45.00	 -12.50
-44.50	 -12.50
-44.00	 -12.50
-43.50	 -12.50
-43.00	 -12.50
-42.50	 -12.50
-42.00	 -12.50
-41.50	 -12.50
-41.00	 -12.50
-40.50	 -12.50
-40.00	 -12.50
-39.50	 -12.50
-39.00	 -12.50
-38.50	 -12.50
-38.00	 -12.50
-37.50	 -12.50
-37.00	 -12.50
-36.50	 -12.50
-36.00	 -12.50
-35.50	 -12.50
-35.00	 -12.50
-34.50	 -12.50
-34.00	 -12.50
-33.50	 -12.50
-33.00	 -12.50
-32.50	 -12.50
-32.00	 -12.50
-31.50	 -12.50
-31.00	 -12.50
-30.50	 -12.50
-30.00	 -12.50
-29.50	 -12.50
-29.00	 -12.50
-28.50	 -12.50
-28.00	 -12.50
-27.50	 -12.50
-27.00	 -12.50
-26.50	 -12.50
-26.00	 -12.50
-25.50	 -12.50
-25.00	 -12.50
-24.50	 -12.50
-24.00	 -12.50
-23.50	 -12.50
-23.00	 -12.50
-22.50	 -12.50
-22.00	 -12.50
-21.50	 -12.50
-21.00	 -12.50
-20.50	 -12.50
-20.00	 -12.50
-19.50	 -12.50
-19.00	 -12.50
-18.50	 -12.50
-18.00	 -12.50
-17.50	 -12.50
-17.00	 -12.50
-16.50	 -12.50
-16.00	 -12.50
-15.50	 -12.50
-15.00	 -12.50
-14.50	 -12.50
-14.00	 -12.50
-13.50	 -12.50
-13.00	 -12.50
-12.50	 -12.50
-12.00	 -12.50
-11.50	 -12.50
-11.00	 -12.50
-10.50	 -12.50
-10.00	 -12.50
 -9.50	 -12.50
 -9.00	 -12.50
 -8.50	 -12.50
 -8.00	 -12.50
 -7.50	 -12.50
 -7.00	 -12.50
 -6.50	 -12.50
 -6.00	 -12.50
 -5.50	 -12.50
 -5.00	 -12.50
 -4.50	 -12.50
 -4.00	 -12.50
 -3.50	 -12.50
 -3.00	 -12.50
 -2.50	 -12.50
 -2.00	 -12.50
 -1.50	 -12.50
 -1.00	 -12.50
 -0.50	 -12.50
  0.00	 -12.50
  0.50	 -12.50
  1.00	 -12.50
-47.50	 -12.00
-47.00	 -12.00
-46.50	 -12.00
-46.00	 -12.00
-45.50	 -12.00
-45.00	 -12.00
-44.50	 -12.00
-44.00	 -12.00
-43.50	 -12.00
-43.00	 -12.00
-42.50	 -12.00
-42.00	 -12.00
-41.50	 -12.00
-41.00	 -12.00
-40.50	 -12.00
-40.00	 -12.00
-39.50	 -12.00
-39.00	 -12.00
-38.50	 -12.00
-38.00	 -12.00
-37.50	 -12.00
-37.00	 -12.00
-36.50	 -12.00
-36.00	 -12.00
-35.50	 -12.00
-35.00	 -12.00
-34.50	 -12.00
-34.00	 -12.00
-33.50	 -12.00
-33.00	 -12.00
-32.50	 -12.00
-32.00	 -12.00
-31.50	 -12.00
-31.00	 -12.00
-30.50	 -12.00
-30.00	 -12.00
-29.50	 -12.00
-29.00	 -12.00
-28.50	 -12.00
-28.00	 -12.00
-27.50	 -12.00
-27.00	 -12.00
-26.50	 -12.00
-26.00	 -12.00
-25.50	 -12.00
-25.00	 -12.00
-24.50	 -12.00
-24.00	 -12.00
-23.50	 -12.00
-23.00	 -12.00
-22.50	 -12.00
-22.00	 -12.00
-21.50	 -12.00
-21.00	 -12.00
-20.50	 -12.00
-20.00	 -12.00
-19.50	 -12.00
-19.00	 -12.00
-18.50	 -12.00
-18.00	 -12.00
-17.50	 -12.00
-17.00	 -12.00
-16.50	 -12.00
-16.00	 -12.00
-15.50	 -12.00
-15.00	 -12.00
-14.50	 -12.00
-14.00	 -12.00
-13.50	 -12.00
-13.00	 -12.00
-12.50	 -12.00
-12.00	 -12.00
-11.50	 -12.00
-11.00	 -12.00
-10.50	 -12.00
-10.00	 -12.00
 -9.50	 -12.00
 -9.00	 -12.00
 -8.50	 -12.00
 -8.00	 -12.00
 -7.50	 -12.00
 -7.00	 -12.00
 -6.50	 -12.00
 -6.00	 -12.00
 -5.50	 -12.00
 -5.00	 -12.00
 -4.50	 -12.00
 -4.00	 -12.00
 -3.50	 -12.00
 -3.00	 -12.00
 -2.50	 -12.00
 -2.00	 -12.00
 -1.50	 -12.00
 -1.00	 -12.00
 -0.50	 -12.00
  0.00	 -12.00
  0.50	 -12.00
  1.00	 -12.00
-45.50	 -11.50
-45.00	 -11.50
-44.50	 -11.50
-44.00	 -11.50
-43.50	 -11.50
-43.00	 -11.50
-42.50	 -11.50
-42.00	 -11.50
-41.50	 -11.50
-41.00	 -11.50
-40.50	 -11.50
-40.00	 -11.50
-39.50	 -11.50
-39.00	 -11.50
-38.50	 -11.50
-38.00	 -11.50
-37.50	 -11.50
-37.00	 -11.50
-36.50	 -11.50
-36.00	 -11.50
-35.50	 -11.50
-35.00	 -11.50
-34.50	 -11.50
-34.00	 -11.50
-33.50	 -11.50
-33.00	 -11.50
-32.50	 -11.50
-32.00	 -11.50
-31.50	 -11.50
-31.00	 -11.50
-30.50	 -11.50
-30.00	 -11.50
-29.50	 -11.50
-29.00	 -11.50
-28.50	 -11.50
-28.00	 -11.50
-27.50	 -11.50
-27.00	 -11.50
-26.50	 -11.50
-26.00	 -11.50
-25.50	 -11.50
-25.00	 -11.50
-24.50	 -11.50
-24.00	 -11.50
-23.50	 -11.50
-23.00	 -11.50
-22.50	 -11.50
-22.00	 -11.50
-21.50	 -11.50
-21.00	 -11.50
-20.50	 -11.50
-20.00	 -11.50
-19.50	 -11.50
-19.00	 -11.50
-18.50	 -11.50
-18.00	 -11.50
-17.50	 -11.50
-17.00	 -11.50
-16.50	 -11.50
-16.00	 -11.50
-15.50	 -11.50
-15.00	 -11.50
-14.50	 -11.50
-14.00	 -11.50
-13.50	 -11.50
-13.00	 -11.50
-12.50	 -11.50
-12.00	 -11.50
-11.50	 -11.50
-11.00	 -11.50
-10.50	 -11.50
-10.00	 -11.50
 -9.50	 -11.50
 -9.00	 -11.50
 -8.50	 -11.50
 -8.00	 -11.50
 -7.50	 -11.50
 -7.00	 -11.50
 -6.50	 -11.50
 -6.00	 -11.50
 -5.50	 -11.50
 -5.00	 -11.50
 -4.50	 -11.50
 -4.00	 -11.50
 -3.50	 -11.50
 -3.00	 -11.50
 -2.50	 -11.50
 -2.00	 -11.50
 -1.50	 -11.50
 -1.00	 -11.50
 -0.50	 -11.50
  0.00	 -11.50
  0.50	 -11.50
  1.00	 -11.50
-43.50	 -11.00
-43.00	 -11.00
-42.50	 -11.00
-42.00	 -11.00
-41.50	 -11.00
-41.00	 -11.00
-40.50	 -11.00
-40.00	 -11.00
-39.50	 -11.00
-39.00	 -11.00
-38.50	 -11.00
-38.00	 -11.00
-37.50	 -11.00
-37.00	 -11.00
-36.50	 -11.00
-36.00	 -11.00
-35.50	 -11.00
-35.00	 -11.00
-34.50	 -11.00
-34.00	 -11.00
-33.50	 -11.00
-33.00	 -11.00
-32.50	 -11.00
-32.00	 -11.00
-31.50	 -11.00
-31.00	 -11.00
-30.50	 -11.00
-30.00	 -11.00
-29.50	 -11.00
-29.00	 -11.00
-28.50	 -11.00
-28.00	 -11.00
-27.50	 -11.00
-27.00	 -11.00
-26.50	 -11.00
-26.00	 -11.00
-25.50	 -11.00
-25.00	 -11.00
-24.50	 -11.00
-24.00	 -11.00
-23.50	 -11.00
-23.00	 -11.00
-22.50	 -11.00
-22.00	 -11.00
-21.50	 -11.00
-21.00	 -11.00
-20.50	 -11.00
-20.00	 -11.00
-19.50	 -11.00
-19.00	 -11.00
-18.50	 -11.00
-18.00	 -11.00
-17.50	 -11.00
-17.00	 -11.00
-16.50	 -11.00
-16.00	 -11.00
-15.50	 -11.00
-15.00	 -11.00
-14.50	 -11.00
-14.00	 -11.00
-13.50	 -11.00
-13.00	 -11.00
-12.50	 -11.00
-12.00	 -11.00
-11.50	 -11.00
-11.00	 -11.00
-10.50	 -11.00
-10.00	 -11.00
 -9.50	 -11.00
 -9.00	 -11.00
 -8.50	 -11.00
 -8.00	 -11.00
 -7.50	 -11.00
 -7.00	 -11.00
 -6.50	 -11.00
 -6.00	 -11.00
 -5.50	 -11.00
 -5.00	 -11.00
 -4.50	 -11.00
 -4.00	 -11.00
 -3.50	 -11.00
 -3.00	 -11.00
 -2.50	 -11.00
 -2.00	 -11.00
 -1.50	 -11.00
 -1.00	 -11.00
 -0.50	 -11.00
  0.00	 -11.00
  0.50	 -11.00
  1.00	 -11.00
-42.00	 -10.50
-41.50	 -10.50
-41.00	 -10.50
-40.50	 -10.50
-40.00	 -10.50
-39.50	 -10.50
-39.00	 -10.50
-38.50	 -10.50
-38.00	 -10.50
-37.50	 -10.50
-37.00	 -10.50
-36.50	 -10.50
-36.00	 -10.50
-35.50	 -10.50
-35.00	 -10.50
-34.50	 -10.50
-34.00	 -10.50
-33.50	 -10.50
-33.00	 -10.50
-32.50	 -10.50
-32.00	 -10.50
-31.50	 -10.50
-31.00	 -10.50
-30.50	 -10.50
-30.00	 -10.50
-29.50	 -10.50
-29.00	 -10.50
-28.50	 -10.50
-28.00	 -10.50
-27.50	 -10.50
-27.00	 -10.50
-26.50	 -10.50
-26.00	 -10.50
-25.50	 -10.50
-25.00	 -10.50
-24.50	 -10.50
-24.00	 -10.50
-23.50	 -10.50
-23.00	 -10.50
-22.50	 -10.50
-22.00	 -10.50
-21.50	 -10.50
-21.00	 -10.50
-20.50	 -10.50
-20.00	 -10.50
-19.50	 -10.50
-19.00	 -10.50
-18.50	 -10.50
-18.00	 -10.50
-17.50	 -10.50
-17.00	 -10.50
-16.50	 -10.50
-16.00	 -10.50
-15.50	 -10.50
-15.00	 -10.50
-14.50	 -10.50
-14.00	 -10.50
-13.50	 -10.50
-13.00	 -10.50
-12.50	 -10.50
-12.00	 -10.50
-11.50	 -10.50
-11.00	 -10.50
-10.50	 -10.50
-10.00	 -10.50
 -9.50	 -10.50
 -9.00	 -10.50
 -8.50	 -10.50
 -8.00	 -10.50
 -7.50	 -10.50
 -7.00	 -10.50
 -6.50	 -10.50
 -6.00	 -10.50
 -5.50	 -10.50
 -5.00	 -10.50
 -4.50	 -10.50
 -4.00	 -10.50
 -3.50	 -10.50
 -3.00	 -10.50
 -2.50	 -10.50
 -2.00	 -10.50
 -1.50	 -10.50
 -1.00	 -10.50
 -0.50	 -10.50
  0.00	 -10.50
  0.50	 -10.50
  1.00	 -10.50
-39.50	 -10.00
-39.00	 -10.00
-38.50	 -10.00
-38.00	 -10.00
-37.50	 -10.00
-37.00	 -10.00
-36.50	 -10.00
-36.00	 -10.00
-35.50	 -10.00
-35.00	 -10.00
-34.50	 -10.00
-34.00	 -10.00
-33.50	 -10.00
-33.00	 -10.00
-32.50	 -10.00
-32.00	 -10.00
-31.50	 -10.00
-31.00	 -10.00
-30.50	 -10.00
-30.00	 -10.00
-29.50	 -10.00
-29.00	 -10.00
-28.50	 -10.00
-28.00	 -10.00
-27.50	 -10.00
-27.00	 -10.00
-26.50	 -10.00
-26.00	 -10.00
-25.50	 -10.00
-25.00	 -10.00
-24.50	 -10.00
-24.00	 -10.00
-23.50	 -10.00
-23.00	 -10.00
-22.50	 -10.00
-22.00	 -10.00
-21.50	 -10.00
-21.00	 -10.00
-20.50	 -10.00
-20.00	 -10.00
-19.50	 -10.00
-19.00	 -10.00
-18.50	 -10.00
-18.00	 -10.00
-17.50	 -10.00
-17.00	 -10.00
-16.50	 -10.00
-16.00	 -10.00
-15.50	 -10.00
-15.00	 -10.00
-14.50	 -10.00
-14.00	 -10.00
-13.50	 -10.00
-13.00	 -10.00
-12.50	 -10.00
-12.00	 -10.00
-11.50	 -10.00
-11.00	 -10.00
-10.50	 -10.00
-10.00	 -10.00
 -9.50	 -10.00
 -9.00	 -10.00
 -8.50	 -10.00
 -8.00	 -10.00
 -7.50	 -10.00
 -7.00	 -10.00
 -6.50	 -10.00
 -6.00	 -10.00
 -5.50	 -10.00
 -5.00	 -10.00
 -4.50	 -10.00
 -4.00	 -10.00
 -3.50	 -10.00
 -3.00	 -10.00
 -2.50	 -10.00
 -2.00	 -10.00
 -1.50	 -10.00
 -1.00	 -10.00
 -0.50	 -10.00
  0.00	 -10.00
  0.50	 -10.00
  1.00	 -10.00
-37.50	  -9.50
-37.00	  -9.50
-36.50	  -9.50
-36.00	  -9.50
-35.50	  -9.50
-35.00	  -9.50
-34.50	  -9.50
-34.00	  -9.50
-33.50	  -9.50
-33.00	  -9.50
-32.50	  -9.50
-32.00	  -9.50
-31.50	  -9.50
-31.00	  -9.50
-30.50	  -9.50
-30.00	  -9.50
-29.50	  -9.50
-29.00	  -9.50
-28.50	  -9.50
-28.00	  -9.50
-27.50	  -9.50
-27.00	  -9.50
-26.50	  -9.50
-26.00	  -9.50
-25.50	  -9.50
-25.00	  -9.50
-24.50	  -9.50
-24.00	  -9.50
-23.50	  -9.50
-23.00	  -9.50
-22.50	  -9.50
-22.00	  -9.50
-21.50	  -9.50
-21.00	  -9.50
-20.50	  -9.50
-20.00	  -9.50
-19.50	  -9.50
-19.00	  -9.50
-18.50	  -9.50
-18.00	  -9.50
-17.50	  -9.50
-17.00	  -9.50
-16.50	  -9.50
-16.00	  -9.50
-15.50	  -9.50
-15.00	  -9.50
-14.50	  -9.50
-14.00	  -9.50
-13.50	  -9.50
-13.00	  -9.50
-12.50	  -9.50
-12.00	  -9.50
-11.50	  -9.50
-11.00	  -9.50
-10.50	  -9.50
-10.00	  -9.50
 -9.50	  -9.50
 -9.00	  -9.50
 -8.50	  -9.50
 -8.00	  -9.50
 -7.50	  -9.50
 -7.00	  -9.50
 -6.50	  -9.50
 -6.00	  -9.50
 -5.50	  -9.50
 -5.00	  -9.50
 -4.50	  -9.50
 -4.00	  -9.50
 -3.50	  -9.50
 -3.00	  -9.50
 -2.50	  -9.50
 -2.00	  -9.50
 -1.50	  -9.50
 -1.00	  -9.50
 -0.50	  -9.50
  0.00	  -9.50
  0.50	  -9.50
-35.50	  -9.00
-35.00	  -9.00
-34.50	  -9.00
-34.00	  -9.00
-33.50	  -9.00
-33.00	  -9.00
-32.50	  -9.00
-32.00	  -9.00
-31.50	  -9.00
-31.00	  -9.00
-30.50	  -9.00
-30.00	  -9.00
-29.50	  -9.00
-29.00	  -9.00
-28.50	  -9.00
-28.00	  -9.00
-27.50	  -9.00
-27.00	  -9.00
-26.50	  -9.00
-26.00	  -9.00
-25.50	  -9.00
-25.00	  -9.00
-24.50	  -9.00
-24.00	  -9.00
-23.50	  -9.00
-23.00	  -9.00
-22.50	  -9.00
-22.00	  -9.00
-21.50	  -9.00
-21.00	  -9.00
-20.50	  -9.00
-20.00	  -9.00
-19.50	  -9.00
-19.00	  -9.00
-18.50	  -9.00
-18.00	  -9.00
-17.50	  -9.00
-17.00	  -9.00
-16.50	  -9.00
-16.00	  -9.00
-15.50	  -9.00
-15.00	  -9.00
-14.50	  -9.00
-14.00	  -9.00
-13.50	  -9.00
-13.00	  -9.00
-12.50	  -9.00
-12.00	  -9.00
-11.50	  -9.00
-11.00	  -9.00
-10.50	  -9.00
-10.00	  -9.00
 -9.50	  -9.00
 -9.00	  -9.00
 -8.50	  -9.00
 -8.00	  -9.00
 -7.50	  -9.00
 -7.00	  -9.00
 -6.50	  -9.00
 -6.00	  -9.00
 -5.50	  -9.00
 -5.00	  -9.00
 -4.50	  -9.00
 -4.00	  -9.00
 -3.50	  -9.00
 -3.00	  -9.00
 -2.50	  -9.00
 -2.00	  -9.00
 -1.50	  -9.00
 -1.00	  -9.00
 -0.50	  -9.00
  0.00	  -9.00
  0.50	  -9.00
-33.50	  -8.50
-33.00	  -8.50
-32.50	  -8.50
-32.00	  -8.50
-31.50	  -8.50
-31.00	  -8.50
-30.50	  -8.50
-30.00	  -8.50
-29.50	  -8.50
-29.00	  -8.50
-28.50	  -8.50
-28.00	  -8.50
-27.50	  -8.50
-27.00	  -8.50
-26.50	  -8.50
-26.00	  -8.50
-25.50	  -8.50
-25.00	  -8.50
-24.50	  -8.50
-24.00	  -8.50
-23.50	  -8.50
-23.00	  -8.50
-22.50	  -8.50
-22.00	  -8.50
-21.50	  -8.50
-21.00	  -8.50
-20.50	  -8.50
-20.00	  -8.50
-19.50	  -8.50
-19.00	  -8.50
-18.50	  -8.50
-18.00	  -8.50
-17.50	  -8.50
-17.00	  -8.50
-16.50	  -8.50
-16.00	  -8.50
-15.50	  -8.50
-15.00	  -8.50
-14.50	  -8.50
-14.00	  -8.50
-13.50	  -8.50
-13.00	  -8.50
-12.50	  -8.50
-12.00	  -8.50
-11.50	  -8.50
-11.00	  -8.50
-10.50	  -8.50
-10.00	  -8.50
 -9.50	  -8.50
 -9.00	  -8.50
 -8.50	  -8.50
 -8.00	  -8.50
 -7.50	  -8.50
 -7.00	  -8.50
 -6.50	  -8.50
 -6.00	  -8.50
 -5.50	  -8.50
 -5.00	  -8.50
 -4.50	  -8.50
 -4.00	  -8.50
 -3.50	  -8.50
 -3.00	  -8.50
 -2.50	  -8.50
 -2.00	  -8.50
 -1.50	  -8.50
 -1.00	  -8.50
 -0.50	  -8.50
  0.00	  -8.50
  0.50	  -8.50
-31.50	  -8.00
-31.00	  -8.00
-30.50	  -8.00
-30.00	  -8.00
-29.50	  -8.00
-29.00	  -8.00
-28.50	  -8.00
-28.00	  -8.00
-27.50	  -8.00
-27.00	  -8.00
-26.50	  -8.00
-26.00	  -8.00
-25.50	  -8.00
-25.00	  -8.00
-24.50	  -8.00
-24.00	  -8.00
-23.50	  -8.00
-23.00	  -8.00
-22.50	  -8.00
-22.00	  -8.00
-21.50	  -8.00
-21.00	  -8.00
-20.50	  -8.00
-20.00	  -8.00
-19.50	  -8.00
-19.00	  -8.00
-18.50	  -8.00
-18.00	  -8.00
-17.50	  -8.00
-17.00	  -8.00
-16.50	  -8.00
-16.00	  -8.00
-15.50	  -8.00
-15.00	  -8.00
-14.50	  -8.00
-14.00	  -8.00
-13.50	  -8.00
-13.00	  -8.00
-12.50	  -8.00
-12.00	  -8.00
-11.50	  -8.00
-11.00	  -8.00
-10.50	  -8.00
-10.00	  -8.00
 -9.50	  -8.00
 -9.00	  -8.00
 -8.50	  -8.00
 -8.00	  -8.00
 -7.50	  -8.00
 -7.00	  -8.00
 -6.50	  -8.00
 -6.00	  -8.00
 -5.50	  -8.00
 -5.00	  -8.00
 -4.50	  -8.00
 -4.00	  -8.00
 -3.50	  -8.00
 -3.00	  -8.00
 -2.50	  -8.00
 -2.00	  -8.00
 -1.50	  -8.00
 -1.00	  -8.00
 -0.50	  -8.00
  0.00	  -8.00
  0.50	  -8.00
-29.50	  -7.50
-29.00	  -7.50
-28.50	  -7.50
-28.00	  -7.50
-27.50	  -7.50
-27.00	  -7.50
-26.50	  -7.50
-26.00	  -7.50
-25.50	  -7.50
-25.00	  -7.50
-24.50	  -7.50
-24.00	  -7.50
-23.50	  -7.50
-23.00	  -7.50
-22.50	  -7.50
-22.00	  -7.50
-21.50	  -7.50
-21.00	  -7.50
-20.50	  -7.50
-20.00	  -7.50
-19.50	  -7.50
-19.00	  -7.50
-18.50	  -7.50
-18.00	  -7.50
-17.50	  -7.50
-17.00	  -7.50
-16.50	  -7.50
-16.00	  -7.50
-15.50	  -7.50
-15.00	  -7.50
-14.50	  -7.50
-14.00	  -7.50
-13.50	  -7.50
-13.00	  -7.50
-12.50	  -7.50
-12.00	  -7.50
-11.50	  -7.50
-11.00	  -7.50
-10.50	  -7.50
-10.00	  -7.50
 -9.50	  -7.50
 -9.00	  -7.50
 -8.50	  -7.50
 -8.00	  -7.50
 -7.50	  -7.50
 -7.00	  -7.50
 -6.50	  -7.50
 -6.00	  -7.50
 -5.50	  -7.50
 -5.00	  -7.50
 -4.50	  -7.50
 -4.00	  -7.50
 -3.50	  -7.50
 -3.00	  -7.50
 -2.50	  -7.50
 -2.00	  -7.50
 -1.50	  -7.50
 -1.00	  -7.50
 -0.50	  -7.50
  0.00	  -7.50
  0.50	  -7.50
-27.50	  -7.00
-27.00	  -7.00
-26.50	  -7.00
-26.00	  -7.00
-25.50	  -7.00
-25.00	  -7.00
-24.50	  -7.00
-24.00	  -7.00
-23.50	  -7.00
-23.00	  -7.00
-22.50	  -7.00
-22.00	  -7.00
-21.50	  -7.00
-21.00	  -7.00
-20.50	  -7.00
-20.00	  -7.00
-19.50	  -7.00
-19.00	  -7.00
-18.50	  -7.00
-18.00	  -7.00
-17.50	  -7.00
-17.00	  -7.00
-16.50	  -7.00
-16.00	  -7.00
-15.50	  -7.00
-15.00	  -7.00
-14.50	  -7.00
-14.00	  -7.00
-13.50	  -7.00
-13.00	  -7.00
-12.50	  -7.00
-12.00	  -7.00
-11.50	  -7.00
-11.00	  -7.00
-10.50	  -7.00
-10.00	  -7.00
 -9.50	  -7.00
 -9.00	  -7.00
 -8.50	  -7.00
 -8.00	  -7.00
 -7.50	  -7.00
 -7.00	  -7.00
 -6.50	  -7.00
 -6.00	  -7.00
 -5.50	  -7.00
 -5.00	  -7.00
 -4.50	  -7.00
 -4.00	  -7.00
 -3.50	  -7.00
 -3.00	  -7.00
 -2.50	  -7.00
 -2.00	  -7.00
 -1.50	  -7.00
 -1.00	  -7.00
 -0.50	  -7.00
  0.00	  -7.00
  0.50	  -7.00
-25.50	  -6.50
-25.00	  -6.50
-24.50	  -6.50
-24.00	  -6.50
-23.50	  -6.50
-23.00	  -6.50
-22.50	  -6.50
-22.00	  -6.50
-21.50	  -6.50
-21.00	  -6.50
-20.50	  -6.50
-20.00	  -6.50
-19.50	  -6.50
-19.00	  -6.50
-18.50	  -6.50
-18.00	  -6.50
-17.50	  -6.50
-17.00	  -6.50
-16.50	  -6.50
-16.00	  -6.50
-15.50	  -6.50
-15.00	  -6.50
-14.50	  -6.50
-14.00	  -6.50
-13.50	  -6.50
-13.00	  -6.50
-12.50	  -6.50
-12.00	  -6.50
-11.50	  -6.50
-11.00	  -6.50
-10.50	  -6.50
-10.00	  -6.50
 -9.50	  -6.50
 -9.00	  -6.50
 -8.50	  -6.50
 -8.00	  -6.50
 -7.50	  -6.50
 -7.00	  -6.50
 -6.50	  -6.50
 -6.00	  -6.50
 -5.50	  -6.50
 -5.00	  -6.50
 -4.50	  -6.50
 -4.00	  -6.50
 -3.50	  -6.50
 -3.00	  -6.50
 -2.50	  -6.50
 -2.00	  -6.50
 -1.50	  -6.50
 -1.00	  -6.50
 -0.50	  -6.50
  0.00	  -6.50
  0.50	  -6.50
-23.50	  -6.00
-23.00	  -6.00
-22.50	  -6.00
-22.00	  -6.00
-21.50	  -6.00
-21.00	  -6.00
-20.50	  -6.00
-20.00	  -6.00
-19.50	  -6.00
-19.00	  -6.00
-18.50	  -6.00
-18.00	  -6.00
-17.50	  -6.00
-17.00	  -6.00
-16.50	  -6.00
-16.00	  -6.00
-15.50	  -6.00
-15.00	  -6.00
-14.50	  -6.00
-14.00	  -6.00
-13.50	  -6.00
-13.00	  -6.00
-12.50	  -6.00
-12.00	  -6.00
-11.50	  -6.00
-11.00	  -6.00
-10.50	  -6.00
-10.00	  -6.00
 -9.50	  -6.00
 -9.00	  -6.00
 -8.50	  -6.00
 -8.00	  -6.00
 -7.50	  -6.00
 -7.00	  -6.00
 -6.50	  -6.00
 -6.00	  -6.00
 -5.50	  -6.00
 -5.00	  -6.00
 -4.50	  -6.00
 -4.00	  -6.00
 -3.50	  -6.00
 -3.00	  -6.00
 -2.50	  -6.00
 -2.00	  -6.00
 -1.50	  -6.00
 -1.00	  -6.00
 -0.50	  -6.00
  0.00	  -6.00
  0.50	  -6.00
-21.50	  -5.50
-21.00	  -5.50
-20.50	  -5.50
-20.00	  -5.50
-19.50	  -5.50
-19.00	  -5.50
-18.50	  -5.50
-18.00	  -5.50
-17.50	  -5.50
-17.00	  -5.50
-16.50	  -5.50
-16.00	  -5.50
-15.50	  -5.50
-15.00	  -5.50
-14.50	  -5.50
-14.00	  -5.50
-13.50	  -5.50
-13.00	  -5.50
-12.50	  -5.50
-12.00	  -5.50
-11.50	  -5.50
-11.00	  -5.50
-10.50	  -5.50
-10.00	  -5.50
 -9.50	  -5.50
 -9.00	  -5.50
 -8.50	  -5.50
 -8.00	  -5.50
 -7.50	  -5.50
 -7.00	  -5.50
 -6.50	  -5.50
 -6.00	  -5.50
 -5.50	  -5.50
 -5.00	  -5.50
 -4.50	  -5.50
 -4.00	  -5.50
 -3.50	  -5.50
 -3.00	  -5.50
 -2.50	  -5.50
 -2.00	  -5.50
 -1.50	  -5.50
 -1.00	  -5.50
 -0.50	  -5.50
  0.00	  -5.50
  0.50	  -5.50
-19.50	  -5.00
-19.00	  -5.00
-18.50	  -5.00
-18.00	  -5.00
-17.50	  -5.00
-17.00	  -5.00
-16.50	  -5.00
-16.00	  -5.00
-15.50	  -5.00
-15.00	  -5.00
-14.50	  -5.00
-14.00	  -5.00
-13.50	  -5.00
-13.00	  -5.00
-12.50	  -5.00
-12.00	  -5.00
-11.50	  -5.00
-11.00	  -5.00
-10.50	  -5.00
-10.00	  -5.00
 -9.50	  -5.00
 -9.00	  -5.00
 -8.50	  -5.00
 -8.00	  -5.00
 -7.50	  -5.00
 -7.00	  -5.00
 -6.50	  -5.00
 -6.00	  -5.00
 -5.50	  -5.00
 -5.00	  -5.00
 -4.50	  -5.00
 -4.00	  -5.00
 -3.50	  -5.00
 -3.00	  -5.00
 -2.50	  -5.00
 -2.00	  -5.00
 -1.50	  -5.00
 -1.00	  -5.00
 -0.50	  -5.00
  0.00	  -5.00
  0.50	  -5.00
-17.50	  -4.50
-17.00	  -4.50
-16.50	  -4.50
-16.00	  -4.50
-15.50	  -4.50
-15.00	  -4.50
-14.50	  -4.50
-14.00	  -4.50
-13.50	  -4.50
-13.00	  -4.50
-12.50	  -4.50
-12.00	  -4.50
-11.50	  -4.50
-11.00	  -4.50
-10.50	  -4.50
-10.00	  -4.50
 -9.50	  -4.50
 -9.00	  -4.50
 -8.50	  -4.50
 -8.00	  -4.50
 -7.50	  -4.50
 -7.00	  -4.50
 -6.50	  -4.50
 -6.00	  -4.50
 -5.50	  -4.50
 -5.00	  -4.50
 -4.50	  -4.50
 -4.00	  -4.50
 -3.50	  -4.50
 -3.00	  -4.50
 -2.50	  -4.50
 -2.00	  -4.50
 -1.50	  -4.50
 -1.00	  -4.50
 -0.50	  -4.50
  0.00	  -4.50
-16.00	  -4.00
-15.50	  -4.00
-15.00	  -4.00
-14.50	  -4.00
-14.00	  -4.00
-13.50	  -4.00
-13.00	  -4.00
-12.50	  -4.00
-12.00	  -4.00
-11.50	  -4.00
-11.00	  -4.00
-10.50	  -4.00
-10.00	  -4.00
 -9.50	  -4.00
 -9.00	  -4.00
 -8.50	  -4.00
 -8.00	  -4.00
 -7.50	  -4.00
 -7.00	  -4.00
 -6.50	  -4.00
 -6.00	  -4.00
 -5.50	  -4.00
 -5.00	  -4.00
 -4.50	  -4.00
 -4.00	  -4.00
 -3.50	  -4.00
 -3.00	  -4.00
 -2.50	  -4.00
 -2.00	  -4.00
 -1.50	  -4.00
 -1.00	  -4.00
 -0.50	  -4.00
  0.00	  -4.00
-13.50	  -3.50
-13.00	  -3.50
-12.50	  -3.50
-12.00	  -3.50
-11.50	  -3.50
-11.00	  -3.50
-10.50	  -3.50
-10.00	  -3.50
 -9.50	  -3.50
 -9.00	  -3.50
 -8.50	  -3.50
 -8.00	  -3.50
 -7.50	  -3.50
 -7.00	  -3.50
 -6.50	  -3.50
 -6.00	  -3.50
 -5.50	  -3.50
 -5.00	  -3.50
 -4.50	  -3.50
 -4.00	  -3.50
 -3.50	  -3.50
 -3.00	  -3.50
 -2.50	  -3.50
 -2.00	  -3.50
 -1.50	  -3.50
 -1.00	  -3.50
 -0.50	  -3.50
  0.00	  -3.50
-12.00	  -3.00
-11.50	  -3.00
-11.00	  -3.00
-10.50	  -3.00
-10.00	  -3.00
 -9.50	  -3.00
 -9.00	  -3.00
 -8.50	  -3.00
 -8.00	  -3.00
 -7.50	  -3.00
 -7.00	  -3.00
 -6.50	  -3.00
 -6.00	  -3.00
 -5.50	  -3.00
 -5.00	  -3.00
 -4.50	  -3.00
 -4.00	  -3.00
 -3.50	  -3.00
 -3.00	  -3.00
 -2.50	  -3.00
 -2.00	  -3.00
 -1.50	  -3.00
 -1.00	  -3.00
 -0.50	  -3.00
  0.00	  -3.00
 -9.50	  -2.50
 -9.00	  -2.50
 -8.50	  -2.50
 -8.00	  -2.50
 -7.50	  -2.50
 -7.00	  -2.50
 -6.50	  -2.50
 -6.00	  -2.50
 -5.50	  -2.50
 -5.00	  -2.50
 -4.50	  -2.50
 -4.00	  -2.50
 -3.50	  -2.50
 -3.00	  -2.50
 -2.50	  -2.50
 -2.00	  -2.50
 -1.50	  -2.50
 -1.00	  -2.50
 -0.50	  -2.50
  0.00	  -2.50
 -7.50	  -2.00
 -7.00	  -2.00
 -6.50	  -2.00
 -6.00	  -2.00
 -5.50	  -2.00
 -5.00	  -2.00
 -4.50	  -2.00
 -4.00	  -2.00
 -3.50	  -2.00
 -3.00	  -2.00
 -2.50	  -2.00
 -2.00	  -2.00
 -1.50	  -2.00
 -1.00	  -2.00
 -0.50	  -2.00
  0.00	  -2.00
 -5.50	  -1.50
 -5.00	  -1.50
 -4.50	  -1.50
 -4.00	  -1.50
 -3.50	  -1.50
 -3.00	  -1.50
 -2.50	  -1.50
 -2.00	  -1.50
 -1.50	  -1.50
 -1.00	  -1.50
 -0.50	  -1.50
  0.00	  -1.50
 -3.50	  -1.00
 -3.00	  -1.00
 -2.50	  -1.00
 -2.00	  -1.00
 -1.50	  -1.00
 -1.00	  -1.00
 -0.50	  -1.00
  0.00	  -1.00
 -1.50	  -0.50
 -1.00	  -0.50
 -0.50	  -0.50
  0.00	  -0.50
