 -2.00	  -0.60
 -2.00	  -0.59
 -1.99	  -0.59
 -1.98	  -0.59
 -1.97	  -0.59
 -1.96	  -0.59
 -2.00	  -0.58
 -1.99	  -0.58
 -1.98	  -0.58
 -1.97	  -0.58
 -1.96	  -0.58
 -1.95	  -0.58
 -1.94	  -0.58
 -1.93	  -0.58
 -1.92	  -0.58
 -2.00	  -0.57
 -1.99	  -0.57
 -1.98	  -0.57
 -1.97	  -0.57
 -1.96	  -0.57
 -1.95	  -0.57
 -1.94	  -0.57
 -1.93	  -0.57
 -1.92	  -0.57
 -1.91	  -0.57
 -1.90	  -0.57
 -1.89	  -0.57
 -1.88	  -0.57
 -2.00	  -0.56
 -1.99	  -0.56
 -1.98	  -0.56
 -1.97	  -0.56
 -1.96	  -0.56
 -1.95	  -0.56
 -1.94	  -0.56
 -1.93	  -0.56
 -1.92	  -0.56
 -1.91	  -0.56
 -1.90	  -0.56
 -1.89	  -0.56
 -1.88	  -0.56
 -1.87	  -0.56
 -1.86	  -0.56
 -1.85	  -0.56
 -1.84	  -0.56
 -2.00	  -0.55
 -1.99	  -0.55
 -1.98	  -0.55
 -1.97	  -0.55
 -1.96	  -0.55
 -1.95	  -0.55
 -1.94	  -0.55
 -1.93	  -0.55
 -1.92	  -0.55
 -1.91	  -0.55
 -1.90	  -0.55
 -1.89	  -0.55
 -1.88	  -0.55
 -1.87	  -0.55
 -1.86	  -0.55
 -1.85	  -0.55
 -1.84	  -0.55
 -1.83	  -0.55
 -1.82	  -0.55
 -1.81	  -0.55
 -1.80	  -0.55
 -2.00	  -0.54
 -1.99	  -0.54
 -1.98	  -0.54
 -1.97	  -0.54
 -1.96	  -0.54
 -1.95	  -0.54
 -1.94	  -0.54
 -1.93	  -0.54
 -1.92	  -0.54
 -1.91	  -0.54
 -1.90	  -0.54
 -1.89	  -0.54
 -1.88	  -0.54
 -1.87	  -0.54
 -1.86	  -0.54
 -1.85	  -0.54
 -1.84	  -0.54
 -1.83	  -0.54
 -1.82	  -0.54
 -1.81	  -0.54
 -1.80	  -0.54
 -1.79	  -0.54
 -1.78	  -0.54
 -1.77	  -0.54
 -2.00	  -0.53
 -1.99	  -0.53
 -1.98	  -0.53
 -1.97	  -0.53
 -1.96	  -0.53
 -1.95	  -0.53
 -1.94	  -0.53
 -1.93	  -0.53
 -1.92	  -0.53
 -1.91	  -0.53
 -1.90	  -0.53
 -1.89	  -0.53
 -1.88	  -0.53
 -1.87	  -0.53
 -1.86	  -0.53
 -1.85	  -0.53
 -1.84	  -0.53
 -1.83	  -0.53
 -1.82	  -0.53
 -1.81	  -0.53
 -1.80	  -0.53
 -1.79	  -0.53
 -1.78	  -0.53
 -1.77	  -0.53
 -1.76	  -0.53
 -1.75	  -0.53
 -1.74	  -0.53
 -1.73	  -0.53
 -2.00	  -0.52
 -1.99	  -0.52
 -1.98	  -0.52
 -1.97	  -0.52
 -1.96	  -0.52
 -1.95	  -0.52
 -1.94	  -0.52
 -1.93	  -0.52
 -1.92	  -0.52
 -1.91	  -0.52
 -1.90	  -0.52
 -1.89	  -0.52
 -1.88	  -0.52
 -1.87	  -0.52
 -1.86	  -0.52
 -1.85	  -0.52
 -1.84	  -0.52
 -1.83	  -0.52
 -1.82	  -0.52
 -1.81	  -0.52
 -1.80	  -0.52
 -1.79	  -0.52
 -1.78	  -0.52
 -1.77	  -0.52
 -1.76	  -0.52
 -1.75	  -0.52
 -1.74	  -0.52
 -1.73	  -0.52
 -1.72	  -0.52
 -1.71	  -0.52
 -1.70	  -0.52
 -1.69	  -0.52
 -2.00	  -0.51
 -1.99	  -0.51
 -1.98	  -0.51
 -1.97	  -0.51
 -1.96	  -0.51
 -1.95	  -0.51
 -1.94	  -0.51
 -1.93	  -0.51
 -1.92	  -0.51
 -1.91	  -0.51
 -1.90	  -0.51
 -1.89	  -0.51
 -1.88	  -0.51
 -1.87	  -0.51
 -1.86	  -0.51
 -1.85	  -0.51
 -1.84	  -0.51
 -1.83	  -0.51
 -1.82	  -0.51
 -1.81	  -0.51
 -1.80	  -0.51
 -1.79	  -0.51
 -1.78	  -0.51
 -1.77	  -0.51
 -1.76	  -0.51
 -1.75	  -0.51
 -1.74	  -0.51
 -1.73	  -0.51
 -1.72	  -0.51
 -1.71	  -0.51
 -1.70	  -0.51
 -1.69	  -0.51
 -1.68	  -0.51
 -1.67	  -0.51
 -1.66	  -0.51
 -1.65	  -0.51
 -1.64	  -0.51
 -2.00	  -0.50
 -1.99	  -0.50
 -1.98	  -0.50
 -1.97	  -0.50
 -1.96	  -0.50
 -1.95	  -0.50
 -1.94	  -0.50
 -1.93	  -0.50
 -1.92	  -0.50
 -1.91	  -0.50
 -1.90	  -0.50
 -1.89	  -0.50
 -1.88	  -0.50
 -1.87	  -0.50
 -1.86	  -0.50
 -1.85	  -0.50
 -1.84	  -0.50
 -1.83	  -0.50
 -1.82	  -0.50
 -1.81	  -0.50
 -1.80	  -0.50
 -1.79	  -0.50
 -1.78	  -0.50
 -1.77	  -0.50
 -1.76	  -0.50
 -1.75	  -0.50
 -1.74	  -0.50
 -1.73	  -0.50
 -1.72	  -0.50
 -1.71	  -0.50
 -1.70	  -0.50
 -1.69	  -0.50
 -1.68	  -0.50
 -1.67	  -0.50
 -1.66	  -0.50
 -1.65	  -0.50
 -1.64	  -0.50
 -1.63	  -0.50
 -1.62	  -0.50
 -1.61	  -0.50
 -1.60	  -0.50
 -1.96	  -0.49
 -1.95	  -0.49
 -1.94	  -0.49
 -1.93	  -0.49
 -1.92	  -0.49
 -1.91	  -0.49
 -1.90	  -0.49
 -1.89	  -0.49
 -1.88	  -0.49
 -1.87	  -0.49
 -1.86	  -0.49
 -1.85	  -0.49
 -1.84	  -0.49
 -1.83	  -0.49
 -1.82	  -0.49
 -1.81	  -0.49
 -1.80	  -0.49
 -1.79	  -0.49
 -1.78	  -0.49
 -1.77	  -0.49
 -1.76	  -0.49
 -1.75	  -0.49
 -1.74	  -0.49
 -1.73	  -0.49
 -1.72	  -0.49
 -1.71	  -0.49
 -1.70	  -0.49
 -1.69	  -0.49
 -1.68	  -0.49
 -1.67	  -0.49
 -1.66	  -0.49
 -1.65	  -0.49
 -1.64	  -0.49
 -1.63	  -0.49
 -1.62	  -0.49
 -1.61	  -0.49
 -1.60	  -0.49
 -1.59	  -0.49
 -1.58	  -0.49
 -1.57	  -0.49
 -1.56	  -0.49
 -1.92	  -0.48
 -1.91	  -0.48
 -1.90	  -0.48
 -1.89	  -0.48
 -1.88	  -0.48
 -1.87	  -0.48
 -1.86	  -0.48
 -1.85	  -0.48
 -1.84	  -0.48
 -1.83	  -0.48
 -1.82	  -0.48
 -1.81	  -0.48
 -1.80	  -0.48
 -1.79	  -0.48
 -1.78	  -0.48
 -1.77	  -0.48
 -1.76	  -0.48
 -1.75	  -0.48
 -1.74	  -0.48
 -1.73	  -0.48
 -1.72	  -0.48
 -1.71	  -0.48
 -1.70	  -0.48
 -1.69	  -0.48
 -1.68	  -0.48
 -1.67	  -0.48
 -1.66	  -0.48
 -1.65	  -0.48
 -1.64	  -0.48
 -1.63	  -0.48
 -1.62	  -0.48
 -1.61	  -0.48
 -1.60	  -0.48
 -1.59	  -0.48
 -1.58	  -0.48
 -1.57	  -0.48
 -1.56	  -0.48
 -1.55	  -0.48
 -1.54	  -0.48
 -1.53	  -0.48
 -1.52	  -0.48
 -1.88	  -0.47
 -1.87	  -0.47
 -1.86	  -0.47
 -1.85	  -0.47
 -1.84	  -0.47
 -1.83	  -0.47
 -1.82	  -0.47
 -1.81	  -0.47
 -1.80	  -0.47
 -1.79	  -0.47
 -1.78	  -0.47
 -1.77	  -0.47
 -1.76	  -0.47
 -1.75	  -0.47
 -1.74	  -0.47
 -1.73	  -0.47
 -1.72	  -0.47
 -1.71	  -0.47
 -1.70	  -0.47
 -1.69	  -0.47
 -1.68	  -0.47
 -1.67	  -0.47
 -1.66	  -0.47
 -1.65	  -0.47
 -1.64	  -0.47
 -1.63	  -0.47
 -1.62	  -0.47
 -1.61	  -0.47
 -1.60	  -0.47
 -1.59	  -0.47
 -1.58	  -0.47
 -1.57	  -0.47
 -1.56	  -0.47
 -1.55	  -0.47
 -1.54	  -0.47
 -1.53	  -0.47
 -1.52	  -0.47
 -1.51	  -0.47
 -1.50	  -0.47
 -1.49	  -0.47
 -1.48	  -0.47
 -1.84	  -0.46
 -1.83	  -0.46
 -1.82	  -0.46
 -1.81	  -0.46
 -1.80	  -0.46
 -1.79	  -0.46
 -1.78	  -0.46
 -1.77	  -0.46
 -1.76	  -0.46
 -1.75	  -0.46
 -1.74	  -0.46
 -1.73	  -0.46
 -1.72	  -0.46
 -1.71	  -0.46
 -1.70	  -0.46
 -1.69	  -0.46
 -1.68	  -0.46
 -1.67	  -0.46
 -1.66	  -0.46
 -1.65	  -0.46
 -1.64	  -0.46
 -1.63	  -0.46
 -1.62	  -0.46
 -1.61	  -0.46
 -1.60	  -0.46
 -1.59	  -0.46
 -1.58	  -0.46
 -1.57	  -0.46
 -1.56	  -0.46
 -1.55	  -0.46
 -1.54	  -0.46
 -1.53	  -0.46
 -1.52	  -0.46
 -1.51	  -0.46
 -1.50	  -0.46
 -1.49	  -0.46
 -1.48	  -0.46
 -1.47	  -0.46
 -1.46	  -0.46
 -1.45	  -0.46
 -1.44	  -0.46
 -1.80	  -0.45
 -1.79	  -0.45
 -1.78	  -0.45
 -1.77	  -0.45
 -1.76	  -0.45
 -1.75	  -0.45
 -1.74	  -0.45
 -1.73	  -0.45
 -1.72	  -0.45
 -1.71	  -0.45
 -1.70	  -0.45
 -1.69	  -0.45
 -1.68	  -0.45
 -1.67	  -0.45
 -1.66	  -0.45
 -1.65	  -0.45
 -1.64	  -0.45
 -1.63	  -0.45
 -1.62	  -0.45
 -1.61	  -0.45
 -1.60	  -0.45
 -1.59	  -0.45
 -1.58	  -0.45
 -1.57	  -0.45
 -1.56	  -0.45
 -1.55	  -0.45
 -1.54	  -0.45
 -1.53	  -0.45
 -1.52	  -0.45
 -1.51	  -0.45
 -1.50	  -0.45
 -1.49	  -0.45
 -1.48	  -0.45
 -1.47	  -0.45
 -1.46	  -0.45
 -1.45	  -0.45
 -1.44	  -0.45
 -1.43	  -0.45
 -1.42	  -0.45
 -1.41	  -0.45
 -1.40	  -0.45
 -1.76	  -0.44
 -1.75	  -0.44
 -1.74	  -0.44
 -1.73	  -0.44
 -1.72	  -0.44
 -1.71	  -0.44
 -1.70	  -0.44
 -1.69	  -0.44
 -1.68	  -0.44
 -1.67	  -0.44
 -1.66	  -0.44
 -1.65	  -0.44
 -1.64	  -0.44
 -1.63	  -0.44
 -1.62	  -0.44
 -1.61	  -0.44
 -1.60	  -0.44
 -1.59	  -0.44
 -1.58	  -0.44
 -1.57	  -0.44
 -1.56	  -0.44
 -1.55	  -0.44
 -1.54	  -0.44
 -1.53	  -0.44
 -1.52	  -0.44
 -1.51	  -0.44
 -1.50	  -0.44
 -1.49	  -0.44
 -1.48	  -0.44
 -1.47	  -0.44
 -1.46	  -0.44
 -1.45	  -0.44
 -1.44	  -0.44
 -1.43	  -0.44
 -1.42	  -0.44
 -1.41	  -0.44
 -1.40	  -0.44
 -1.39	  -0.44
 -1.38	  -0.44
 -1.37	  -0.44
 -1.36	  -0.44
 -1.72	  -0.43
 -1.71	  -0.43
 -1.70	  -0.43
 -1.69	  -0.43
 -1.68	  -0.43
 -1.67	  -0.43
 -1.66	  -0.43
 -1.65	  -0.43
 -1.64	  -0.43
 -1.63	  -0.43
 -1.62	  -0.43
 -1.61	  -0.43
 -1.60	  -0.43
 -1.59	  -0.43
 -1.58	  -0.43
 -1.57	  -0.43
 -1.56	  -0.43
 -1.55	  -0.43
 -1.54	  -0.43
 -1.53	  -0.43
 -1.52	  -0.43
 -1.51	  -0.43
 -1.50	  -0.43
 -1.49	  -0.43
 -1.48	  -0.43
 -1.47	  -0.43
 -1.46	  -0.43
 -1.45	  -0.43
 -1.44	  -0.43
 -1.43	  -0.43
 -1.42	  -0.43
 -1.41	  -0.43
 -1.40	  -0.43
 -1.39	  -0.43
 -1.38	  -0.43
 -1.37	  -0.43
 -1.36	  -0.43
 -1.35	  -0.43
 -1.34	  -0.43
 -1.33	  -0.43
 -1.32	  -0.43
 -1.68	  -0.42
 -1.67	  -0.42
 -1.66	  -0.42
 -1.65	  -0.42
 -1.64	  -0.42
 -1.63	  -0.42
 -1.62	  -0.42
 -1.61	  -0.42
 -1.60	  -0.42
 -1.59	  -0.42
 -1.58	  -0.42
 -1.57	  -0.42
 -1.56	  -0.42
 -1.55	  -0.42
 -1.54	  -0.42
 -1.53	  -0.42
 -1.52	  -0.42
 -1.51	  -0.42
 -1.50	  -0.42
 -1.49	  -0.42
 -1.48	  -0.42
 -1.47	  -0.42
 -1.46	  -0.42
 -1.45	  -0.42
 -1.44	  -0.42
 -1.43	  -0.42
 -1.42	  -0.42
 -1.41	  -0.42
 -1.40	  -0.42
 -1.39	  -0.42
 -1.38	  -0.42
 -1.37	  -0.42
 -1.36	  -0.42
 -1.35	  -0.42
 -1.34	  -0.42
 -1.33	  -0.42
 -1.32	  -0.42
 -1.31	  -0.42
 -1.30	  -0.42
 -1.29	  -0.42
 -1.28	  -0.42
 -1.64	  -0.41
 -1.63	  -0.41
 -1.62	  -0.41
 -1.61	  -0.41
 -1.60	  -0.41
 -1.59	  -0.41
 -1.58	  -0.41
 -1.57	  -0.41
 -1.56	  -0.41
 -1.55	  -0.41
 -1.54	  -0.41
 -1.53	  -0.41
 -1.52	  -0.41
 -1.51	  -0.41
 -1.50	  -0.41
 -1.49	  -0.41
 -1.48	  -0.41
 -1.47	  -0.41
 -1.46	  -0.41
 -1.45	  -0.41
 -1.44	  -0.41
 -1.43	  -0.41
 -1.42	  -0.41
 -1.41	  -0.41
 -1.40	  -0.41
 -1.39	  -0.41
 -1.38	  -0.41
 -1.37	  -0.41
 -1.36	  -0.41
 -1.35	  -0.41
 -1.34	  -0.41
 -1.33	  -0.41
 -1.32	  -0.41
 -1.31	  -0.41
 -1.30	  -0.41
 -1.29	  -0.41
 -1.28	  -0.41
 -1.27	  -0.41
 -1.26	  -0.41
 -1.25	  -0.41
 -1.24	  -0.41
 -1.60	  -0.40
 -1.59	  -0.40
 -1.58	  -0.40
 -1.57	  -0.40
 -1.56	  -0.40
 -1.55	  -0.40
 -1.54	  -0.40
 -1.53	  -0.40
 -1.52	  -0.40
 -1.51	  -0.40
 -1.50	  -0.40
 -1.49	  -0.40
 -1.48	  -0.40
 -1.47	  -0.40
 -1.46	  -0.40
 -1.45	  -0.40
 -1.44	  -0.40
 -1.43	  -0.40
 -1.42	  -0.40
 -1.41	  -0.40
 -1.40	  -0.40
 -1.39	  -0.40
 -1.38	  -0.40
 -1.37	  -0.40
 -1.36	  -0.40
 -1.35	  -0.40
 -1.34	  -0.40
 -1.33	  -0.40
 -1.32	  -0.40
 -1.31	  -0.40
 -1.30	  -0.40
 -1.29	  -0.40
 -1.28	  -0.40
 -1.27	  -0.40
 -1.26	  -0.40
 -1.25	  -0.40
 -1.24	  -0.40
 -1.23	  -0.40
 -1.22	  -0.40
 -1.21	  -0.40
 -1.20	  -0.40
 -1.56	  -0.39
 -1.55	  -0.39
 -1.54	  -0.39
 -1.53	  -0.39
 -1.52	  -0.39
 -1.51	  -0.39
 -1.50	  -0.39
 -1.49	  -0.39
 -1.48	  -0.39
 -1.47	  -0.39
 -1.46	  -0.39
 -1.45	  -0.39
 -1.44	  -0.39
 -1.43	  -0.39
 -1.42	  -0.39
 -1.41	  -0.39
 -1.40	  -0.39
 -1.39	  -0.39
 -1.38	  -0.39
 -1.37	  -0.39
 -1.36	  -0.39
 -1.35	  -0.39
 -1.34	  -0.39
 -1.33	  -0.39
 -1.32	  -0.39
 -1.31	  -0.39
 -1.30	  -0.39
 -1.29	  -0.39
 -1.28	  -0.39
 -1.27	  -0.39
 -1.26	  -0.39
 -1.25	  -0.39
 -1.24	  -0.39
 -1.23	  -0.39
 -1.22	  -0.39
 -1.21	  -0.39
 -1.20	  -0.39
 -1.19	  -0.39
 -1.18	  -0.39
 -1.17	  -0.39
 -1.16	  -0.39
 -1.52	  -0.38
 -1.51	  -0.38
 -1.50	  -0.38
 -1.49	  -0.38
 -1.48	  -0.38
 -1.47	  -0.38
 -1.46	  -0.38
 -1.45	  -0.38
 -1.44	  -0.38
 -1.43	  -0.38
 -1.42	  -0.38
 -1.41	  -0.38
 -1.40	  -0.38
 -1.39	  -0.38
 -1.38	  -0.38
 -1.37	  -0.38
 -1.36	  -0.38
 -1.35	  -0.38
 -1.34	  -0.38
 -1.33	  -0.38
 -1.32	  -0.38
 -1.31	  -0.38
 -1.30	  -0.38
 -1.29	  -0.38
 -1.28	  -0.38
 -1.27	  -0.38
 -1.26	  -0.38
 -1.25	  -0.38
 -1.24	  -0.38
 -1.23	  -0.38
 -1.22	  -0.38
 -1.21	  -0.38
 -1.20	  -0.38
 -1.19	  -0.38
 -1.18	  -0.38
 -1.17	  -0.38
 -1.16	  -0.38
 -1.15	  -0.38
 -1.14	  -0.38
 -1.13	  -0.38
 -1.12	  -0.38
 -1.48	  -0.37
 -1.47	  -0.37
 -1.46	  -0.37
 -1.45	  -0.37
 -1.44	  -0.37
 -1.43	  -0.37
 -1.42	  -0.37
 -1.41	  -0.37
 -1.40	  -0.37
 -1.39	  -0.37
 -1.38	  -0.37
 -1.37	  -0.37
 -1.36	  -0.37
 -1.35	  -0.37
 -1.34	  -0.37
 -1.33	  -0.37
 -1.32	  -0.37
 -1.31	  -0.37
 -1.30	  -0.37
 -1.29	  -0.37
 -1.28	  -0.37
 -1.27	  -0.37
 -1.26	  -0.37
 -1.25	  -0.37
 -1.24	  -0.37
 -1.23	  -0.37
 -1.22	  -0.37
 -1.21	  -0.37
 -1.20	  -0.37
 -1.19	  -0.37
 -1.18	  -0.37
 -1.17	  -0.37
 -1.16	  -0.37
 -1.15	  -0.37
 -1.14	  -0.37
 -1.13	  -0.37
 -1.12	  -0.37
 -1.11	  -0.37
 -1.10	  -0.37
 -1.09	  -0.37
 -1.08	  -0.37
 -1.44	  -0.36
 -1.43	  -0.36
 -1.42	  -0.36
 -1.41	  -0.36
 -1.40	  -0.36
 -1.39	  -0.36
 -1.38	  -0.36
 -1.37	  -0.36
 -1.36	  -0.36
 -1.35	  -0.36
 -1.34	  -0.36
 -1.33	  -0.36
 -1.32	  -0.36
 -1.31	  -0.36
 -1.30	  -0.36
 -1.29	  -0.36
 -1.28	  -0.36
 -1.27	  -0.36
 -1.26	  -0.36
 -1.25	  -0.36
 -1.24	  -0.36
 -1.23	  -0.36
 -1.22	  -0.36
 -1.21	  -0.36
 -1.20	  -0.36
 -1.19	  -0.36
 -1.18	  -0.36
 -1.17	  -0.36
 -1.16	  -0.36
 -1.15	  -0.36
 -1.14	  -0.36
 -1.13	  -0.36
 -1.12	  -0.36
 -1.11	  -0.36
 -1.10	  -0.36
 -1.09	  -0.36
 -1.08	  -0.36
 -1.07	  -0.36
 -1.06	  -0.36
 -1.05	  -0.36
 -1.04	  -0.36
 -1.40	  -0.35
 -1.39	  -0.35
 -1.38	  -0.35
 -1.37	  -0.35
 -1.36	  -0.35
 -1.35	  -0.35
 -1.34	  -0.35
 -1.33	  -0.35
 -1.32	  -0.35
 -1.31	  -0.35
 -1.30	  -0.35
 -1.29	  -0.35
 -1.28	  -0.35
 -1.27	  -0.35
 -1.26	  -0.35
 -1.25	  -0.35
 -1.24	  -0.35
 -1.23	  -0.35
 -1.22	  -0.35
 -1.21	  -0.35
 -1.20	  -0.35
 -1.19	  -0.35
 -1.18	  -0.35
 -1.17	  -0.35
 -1.16	  -0.35
 -1.15	  -0.35
 -1.14	  -0.35
 -1.13	  -0.35
 -1.12	  -0.35
 -1.11	  -0.35
 -1.10	  -0.35
 -1.09	  -0.35
 -1.08	  -0.35
 -1.07	  -0.35
 -1.06	  -0.35
 -1.05	  -0.35
 -1.04	  -0.35
 -1.03	  -0.35
 -1.02	  -0.35
 -1.01	  -0.35
 -1.00	  -0.35
 -1.36	  -0.34
 -1.35	  -0.34
 -1.34	  -0.34
 -1.33	  -0.34
 -1.32	  -0.34
 -1.31	  -0.34
 -1.30	  -0.34
 -1.29	  -0.34
 -1.28	  -0.34
 -1.27	  -0.34
 -1.26	  -0.34
 -1.25	  -0.34
 -1.24	  -0.34
 -1.23	  -0.34
 -1.22	  -0.34
 -1.21	  -0.34
 -1.20	  -0.34
 -1.19	  -0.34
 -1.18	  -0.34
 -1.17	  -0.34
 -1.16	  -0.34
 -1.15	  -0.34
 -1.14	  -0.34
 -1.13	  -0.34
 -1.12	  -0.34
 -1.11	  -0.34
 -1.10	  -0.34
 -1.09	  -0.34
 -1.08	  -0.34
 -1.07	  -0.34
 -1.06	  -0.34
 -1.05	  -0.34
 -1.04	  -0.34
 -1.03	  -0.34
 -1.02	  -0.34
 -1.01	  -0.34
 -1.00	  -0.34
 -0.99	  -0.34
 -0.98	  -0.34
 -0.97	  -0.34
 -0.96	  -0.34
 -1.32	  -0.33
 -1.31	  -0.33
 -1.30	  -0.33
 -1.29	  -0.33
 -1.28	  -0.33
 -1.27	  -0.33
 -1.26	  -0.33
 -1.25	  -0.33
 -1.24	  -0.33
 -1.23	  -0.33
 -1.22	  -0.33
 -1.21	  -0.33
 -1.20	  -0.33
 -1.19	  -0.33
 -1.18	  -0.33
 -1.17	  -0.33
 -1.16	  -0.33
 -1.15	  -0.33
 -1.14	  -0.33
 -1.13	  -0.33
 -1.12	  -0.33
 -1.11	  -0.33
 -1.10	  -0.33
 -1.09	  -0.33
 -1.08	  -0.33
 -1.07	  -0.33
 -1.06	  -0.33
 -1.05	  -0.33
 -1.04	  -0.33
 -1.03	  -0.33
 -1.02	  -0.33
 -1.01	  -0.33
 -1.00	  -0.33
 -0.99	  -0.33
 -0.98	  -0.33
 -0.97	  -0.33
 -0.96	  -0.33
 -0.95	  -0.33
 -0.94	  -0.33
 -0.93	  -0.33
 -0.92	  -0.33
 -1.28	  -0.32
 -1.27	  -0.32
 -1.26	  -0.32
 -1.25	  -0.32
 -1.24	  -0.32
 -1.23	  -0.32
 -1.22	  -0.32
 -1.21	  -0.32
 -1.20	  -0.32
 -1.19	  -0.32
 -1.18	  -0.32
 -1.17	  -0.32
 -1.16	  -0.32
 -1.15	  -0.32
 -1.14	  -0.32
 -1.13	  -0.32
 -1.12	  -0.32
 -1.11	  -0.32
 -1.10	  -0.32
 -1.09	  -0.32
 -1.08	  -0.32
 -1.07	  -0.32
 -1.06	  -0.32
 -1.05	  -0.32
 -1.04	  -0.32
 -1.03	  -0.32
 -1.02	  -0.32
 -1.01	  -0.32
 -1.00	  -0.32
 -0.99	  -0.32
 -0.98	  -0.32
 -0.97	  -0.32
 -0.96	  -0.32
 -0.95	  -0.32
 -0.94	  -0.32
 -0.93	  -0.32
 -0.92	  -0.32
 -0.91	  -0.32
 -0.90	  -0.32
 -0.89	  -0.32
 -0.88	  -0.32
 -1.24	  -0.31
 -1.23	  -0.31
 -1.22	  -0.31
 -1.21	  -0.31
 -1.20	  -0.31
 -1.19	  -0.31
 -1.18	  -0.31
 -1.17	  -0.31
 -1.16	  -0.31
 -1.15	  -0.31
 -1.14	  -0.31
 -1.13	  -0.31
 -1.12	  -0.31
 -1.11	  -0.31
 -1.10	  -0.31
 -1.09	  -0.31
 -1.08	  -0.31
 -1.07	  -0.31
 -1.06	  -0.31
 -1.05	  -0.31
 -1.04	  -0.31
 -1.03	  -0.31
 -1.02	  -0.31
 -1.01	  -0.31
 -1.00	  -0.31
 -0.99	  -0.31
 -0.98	  -0.31
 -0.97	  -0.31
 -0.96	  -0.31
 -0.95	  -0.31
 -0.94	  -0.31
 -0.93	  -0.31
 -0.92	  -0.31
 -0.91	  -0.31
 -0.90	  -0.31
 -0.89	  -0.31
 -0.88	  -0.31
 -0.87	  -0.31
 -0.86	  -0.31
 -0.85	  -0.31
 -0.84	  -0.31
 -1.19	  -0.30
 -1.18	  -0.30
 -1.17	  -0.30
 -1.16	  -0.30
 -1.15	  -0.30
 -1.14	  -0.30
 -1.13	  -0.30
 -1.12	  -0.30
 -1.11	  -0.30
 -1.10	  -0.30
 -1.09	  -0.30
 -1.08	  -0.30
 -1.07	  -0.30
 -1.06	  -0.30
 -1.05	  -0.30
 -1.04	  -0.30
 -1.03	  -0.30
 -1.02	  -0.30
 -1.01	  -0.30
 -1.00	  -0.30
 -0.99	  -0.30
 -0.98	  -0.30
 -0.97	  -0.30
 -0.96	  -0.30
 -0.95	  -0.30
 -0.94	  -0.30
 -0.93	  -0.30
 -0.92	  -0.30
 -0.91	  -0.30
 -0.90	  -0.30
 -0.89	  -0.30
 -0.88	  -0.30
 -0.87	  -0.30
 -0.86	  -0.30
 -0.85	  -0.30
 -0.84	  -0.30
 -0.83	  -0.30
 -0.82	  -0.30
 -0.81	  -0.30
 -0.80	  -0.30
 -1.16	  -0.29
 -1.15	  -0.29
 -1.14	  -0.29
 -1.13	  -0.29
 -1.12	  -0.29
 -1.11	  -0.29
 -1.10	  -0.29
 -1.09	  -0.29
 -1.08	  -0.29
 -1.07	  -0.29
 -1.06	  -0.29
 -1.05	  -0.29
 -1.04	  -0.29
 -1.03	  -0.29
 -1.02	  -0.29
 -1.01	  -0.29
 -1.00	  -0.29
 -0.99	  -0.29
 -0.98	  -0.29
 -0.97	  -0.29
 -0.96	  -0.29
 -0.95	  -0.29
 -0.94	  -0.29
 -0.93	  -0.29
 -0.92	  -0.29
 -0.91	  -0.29
 -0.90	  -0.29
 -0.89	  -0.29
 -0.88	  -0.29
 -0.87	  -0.29
 -0.86	  -0.29
 -0.85	  -0.29
 -0.84	  -0.29
 -0.83	  -0.29
 -0.82	  -0.29
 -0.81	  -0.29
 -0.80	  -0.29
 -0.79	  -0.29
 -0.78	  -0.29
 -0.77	  -0.29
 -0.76	  -0.29
 -1.12	  -0.28
 -1.11	  -0.28
 -1.10	  -0.28
 -1.09	  -0.28
 -1.08	  -0.28
 -1.07	  -0.28
 -1.06	  -0.28
 -1.05	  -0.28
 -1.04	  -0.28
 -1.03	  -0.28
 -1.02	  -0.28
 -1.01	  -0.28
 -1.00	  -0.28
 -0.99	  -0.28
 -0.98	  -0.28
 -0.97	  -0.28
 -0.96	  -0.28
 -0.95	  -0.28
 -0.94	  -0.28
 -0.93	  -0.28
 -0.92	  -0.28
 -0.91	  -0.28
 -0.90	  -0.28
 -0.89	  -0.28
 -0.88	  -0.28
 -0.87	  -0.28
 -0.86	  -0.28
 -0.85	  -0.28
 -0.84	  -0.28
 -0.83	  -0.28
 -0.82	  -0.28
 -0.81	  -0.28
 -0.80	  -0.28
 -0.79	  -0.28
 -0.78	  -0.28
 -0.77	  -0.28
 -0.76	  -0.28
 -0.75	  -0.28
 -0.74	  -0.28
 -0.73	  -0.28
 -0.72	  -0.28
 -1.08	  -0.27
 -1.07	  -0.27
 -1.06	  -0.27
 -1.05	  -0.27
 -1.04	  -0.27
 -1.03	  -0.27
 -1.02	  -0.27
 -1.01	  -0.27
 -1.00	  -0.27
 -0.99	  -0.27
 -0.98	  -0.27
 -0.97	  -0.27
 -0.96	  -0.27
 -0.95	  -0.27
 -0.94	  -0.27
 -0.93	  -0.27
 -0.92	  -0.27
 -0.91	  -0.27
 -0.90	  -0.27
 -0.89	  -0.27
 -0.88	  -0.27
 -0.87	  -0.27
 -0.86	  -0.27
 -0.85	  -0.27
 -0.84	  -0.27
 -0.83	  -0.27
 -0.82	  -0.27
 -0.81	  -0.27
 -0.80	  -0.27
 -0.79	  -0.27
 -0.78	  -0.27
 -0.77	  -0.27
 -0.76	  -0.27
 -0.75	  -0.27
 -0.74	  -0.27
 -0.73	  -0.27
 -0.72	  -0.27
 -0.71	  -0.27
 -0.70	  -0.27
 -0.69	  -0.27
 -0.68	  -0.27
 -1.04	  -0.26
 -1.03	  -0.26
 -1.02	  -0.26
 -1.01	  -0.26
 -1.00	  -0.26
 -0.99	  -0.26
 -0.98	  -0.26
 -0.97	  -0.26
 -0.96	  -0.26
 -0.95	  -0.26
 -0.94	  -0.26
 -0.93	  -0.26
 -0.92	  -0.26
 -0.91	  -0.26
 -0.90	  -0.26
 -0.89	  -0.26
 -0.88	  -0.26
 -0.87	  -0.26
 -0.86	  -0.26
 -0.85	  -0.26
 -0.84	  -0.26
 -0.83	  -0.26
 -0.82	  -0.26
 -0.81	  -0.26
 -0.80	  -0.26
 -0.79	  -0.26
 -0.78	  -0.26
 -0.77	  -0.26
 -0.76	  -0.26
 -0.75	  -0.26
 -0.74	  -0.26
 -0.73	  -0.26
 -0.72	  -0.26
 -0.71	  -0.26
 -0.70	  -0.26
 -0.69	  -0.26
 -0.68	  -0.26
 -0.67	  -0.26
 -0.66	  -0.26
 -0.65	  -0.26
 -0.64	  -0.26
 -1.00	  -0.25
 -0.99	  -0.25
 -0.98	  -0.25
 -0.97	  -0.25
 -0.96	  -0.25
 -0.95	  -0.25
 -0.94	  -0.25
 -0.93	  -0.25
 -0.92	  -0.25
 -0.91	  -0.25
 -0.90	  -0.25
 -0.89	  -0.25
 -0.88	  -0.25
 -0.87	  -0.25
 -0.86	  -0.25
 -0.85	  -0.25
 -0.84	  -0.25
 -0.83	  -0.25
 -0.82	  -0.25
 -0.81	  -0.25
 -0.80	  -0.25
 -0.79	  -0.25
 -0.78	  -0.25
 -0.77	  -0.25
 -0.76	  -0.25
 -0.75	  -0.25
 -0.74	  -0.25
 -0.73	  -0.25
 -0.72	  -0.25
 -0.71	  -0.25
 -0.70	  -0.25
 -0.69	  -0.25
 -0.68	  -0.25
 -0.67	  -0.25
 -0.66	  -0.25
 -0.65	  -0.25
 -0.64	  -0.25
 -0.63	  -0.25
 -0.62	  -0.25
 -0.61	  -0.25
 -0.60	  -0.25
 -0.96	  -0.24
 -0.95	  -0.24
 -0.94	  -0.24
 -0.93	  -0.24
 -0.92	  -0.24
 -0.91	  -0.24
 -0.90	  -0.24
 -0.89	  -0.24
 -0.88	  -0.24
 -0.87	  -0.24
 -0.86	  -0.24
 -0.85	  -0.24
 -0.84	  -0.24
 -0.83	  -0.24
 -0.82	  -0.24
 -0.81	  -0.24
 -0.80	  -0.24
 -0.79	  -0.24
 -0.78	  -0.24
 -0.77	  -0.24
 -0.76	  -0.24
 -0.75	  -0.24
 -0.74	  -0.24
 -0.73	  -0.24
 -0.72	  -0.24
 -0.71	  -0.24
 -0.70	  -0.24
 -0.69	  -0.24
 -0.68	  -0.24
 -0.67	  -0.24
 -0.66	  -0.24
 -0.65	  -0.24
 -0.64	  -0.24
 -0.63	  -0.24
 -0.62	  -0.24
 -0.61	  -0.24
 -0.60	  -0.24
 -0.59	  -0.24
 -0.58	  -0.24
 -0.57	  -0.24
 -0.56	  -0.24
 -0.92	  -0.23
 -0.91	  -0.23
 -0.90	  -0.23
 -0.89	  -0.23
 -0.88	  -0.23
 -0.87	  -0.23
 -0.86	  -0.23
 -0.85	  -0.23
 -0.84	  -0.23
 -0.83	  -0.23
 -0.82	  -0.23
 -0.81	  -0.23
 -0.80	  -0.23
 -0.79	  -0.23
 -0.78	  -0.23
 -0.77	  -0.23
 -0.76	  -0.23
 -0.75	  -0.23
 -0.74	  -0.23
 -0.73	  -0.23
 -0.72	  -0.23
 -0.71	  -0.23
 -0.70	  -0.23
 -0.69	  -0.23
 -0.68	  -0.23
 -0.67	  -0.23
 -0.66	  -0.23
 -0.65	  -0.23
 -0.64	  -0.23
 -0.63	  -0.23
 -0.62	  -0.23
 -0.61	  -0.23
 -0.60	  -0.23
 -0.59	  -0.23
 -0.58	  -0.23
 -0.57	  -0.23
 -0.56	  -0.23
 -0.55	  -0.23
 -0.54	  -0.23
 -0.53	  -0.23
 -0.52	  -0.23
 -0.88	  -0.22
 -0.87	  -0.22
 -0.86	  -0.22
 -0.85	  -0.22
 -0.84	  -0.22
 -0.83	  -0.22
 -0.82	  -0.22
 -0.81	  -0.22
 -0.80	  -0.22
 -0.79	  -0.22
 -0.78	  -0.22
 -0.77	  -0.22
 -0.76	  -0.22
 -0.75	  -0.22
 -0.74	  -0.22
 -0.73	  -0.22
 -0.72	  -0.22
 -0.71	  -0.22
 -0.70	  -0.22
 -0.69	  -0.22
 -0.68	  -0.22
 -0.67	  -0.22
 -0.66	  -0.22
 -0.65	  -0.22
 -0.64	  -0.22
 -0.63	  -0.22
 -0.62	  -0.22
 -0.61	  -0.22
 -0.60	  -0.22
 -0.59	  -0.22
 -0.58	  -0.22
 -0.57	  -0.22
 -0.56	  -0.22
 -0.55	  -0.22
 -0.54	  -0.22
 -0.53	  -0.22
 -0.52	  -0.22
 -0.51	  -0.22
 -0.50	  -0.22
 -0.49	  -0.22
 -0.48	  -0.22
 -0.84	  -0.21
 -0.83	  -0.21
 -0.82	  -0.21
 -0.81	  -0.21
 -0.80	  -0.21
 -0.79	  -0.21
 -0.78	  -0.21
 -0.77	  -0.21
 -0.76	  -0.21
 -0.75	  -0.21
 -0.74	  -0.21
 -0.73	  -0.21
 -0.72	  -0.21
 -0.71	  -0.21
 -0.70	  -0.21
 -0.69	  -0.21
 -0.68	  -0.21
 -0.67	  -0.21
 -0.66	  -0.21
 -0.65	  -0.21
 -0.64	  -0.21
 -0.63	  -0.21
 -0.62	  -0.21
 -0.61	  -0.21
 -0.60	  -0.21
 -0.59	  -0.21
 -0.58	  -0.21
 -0.57	  -0.21
 -0.56	  -0.21
 -0.55	  -0.21
 -0.54	  -0.21
 -0.53	  -0.21
 -0.52	  -0.21
 -0.51	  -0.21
 -0.50	  -0.21
 -0.49	  -0.21
 -0.48	  -0.21
 -0.47	  -0.21
 -0.46	  -0.21
 -0.45	  -0.21
 -0.44	  -0.21
 -0.79	  -0.20
 -0.78	  -0.20
 -0.77	  -0.20
 -0.76	  -0.20
 -0.75	  -0.20
 -0.74	  -0.20
 -0.73	  -0.20
 -0.72	  -0.20
 -0.71	  -0.20
 -0.70	  -0.20
 -0.69	  -0.20
 -0.68	  -0.20
 -0.67	  -0.20
 -0.66	  -0.20
 -0.65	  -0.20
 -0.64	  -0.20
 -0.63	  -0.20
 -0.62	  -0.20
 -0.61	  -0.20
 -0.60	  -0.20
 -0.59	  -0.20
 -0.58	  -0.20
 -0.57	  -0.20
 -0.56	  -0.20
 -0.55	  -0.20
 -0.54	  -0.20
 -0.53	  -0.20
 -0.52	  -0.20
 -0.51	  -0.20
 -0.50	  -0.20
 -0.49	  -0.20
 -0.48	  -0.20
 -0.47	  -0.20
 -0.46	  -0.20
 -0.45	  -0.20
 -0.44	  -0.20
 -0.43	  -0.20
 -0.42	  -0.20
 -0.41	  -0.20
 -0.40	  -0.20
 -0.76	  -0.19
 -0.75	  -0.19
 -0.74	  -0.19
 -0.73	  -0.19
 -0.72	  -0.19
 -0.71	  -0.19
 -0.70	  -0.19
 -0.69	  -0.19
 -0.68	  -0.19
 -0.67	  -0.19
 -0.66	  -0.19
 -0.65	  -0.19
 -0.64	  -0.19
 -0.63	  -0.19
 -0.62	  -0.19
 -0.61	  -0.19
 -0.60	  -0.19
 -0.59	  -0.19
 -0.58	  -0.19
 -0.57	  -0.19
 -0.56	  -0.19
 -0.55	  -0.19
 -0.54	  -0.19
 -0.53	  -0.19
 -0.52	  -0.19
 -0.51	  -0.19
 -0.50	  -0.19
 -0.49	  -0.19
 -0.48	  -0.19
 -0.47	  -0.19
 -0.46	  -0.19
 -0.45	  -0.19
 -0.44	  -0.19
 -0.43	  -0.19
 -0.42	  -0.19
 -0.41	  -0.19
 -0.40	  -0.19
 -0.39	  -0.19
 -0.38	  -0.19
 -0.37	  -0.19
 -0.36	  -0.19
 -0.72	  -0.18
 -0.71	  -0.18
 -0.70	  -0.18
 -0.69	  -0.18
 -0.68	  -0.18
 -0.67	  -0.18
 -0.66	  -0.18
 -0.65	  -0.18
 -0.64	  -0.18
 -0.63	  -0.18
 -0.62	  -0.18
 -0.61	  -0.18
 -0.60	  -0.18
 -0.59	  -0.18
 -0.58	  -0.18
 -0.57	  -0.18
 -0.56	  -0.18
 -0.55	  -0.18
 -0.54	  -0.18
 -0.53	  -0.18
 -0.52	  -0.18
 -0.51	  -0.18
 -0.50	  -0.18
 -0.49	  -0.18
 -0.48	  -0.18
 -0.47	  -0.18
 -0.46	  -0.18
 -0.45	  -0.18
 -0.44	  -0.18
 -0.43	  -0.18
 -0.42	  -0.18
 -0.41	  -0.18
 -0.40	  -0.18
 -0.39	  -0.18
 -0.38	  -0.18
 -0.37	  -0.18
 -0.36	  -0.18
 -0.35	  -0.18
 -0.34	  -0.18
 -0.33	  -0.18
 -0.32	  -0.18
 -0.67	  -0.17
 -0.66	  -0.17
 -0.65	  -0.17
 -0.64	  -0.17
 -0.63	  -0.17
 -0.62	  -0.17
 -0.61	  -0.17
 -0.60	  -0.17
 -0.59	  -0.17
 -0.58	  -0.17
 -0.57	  -0.17
 -0.56	  -0.17
 -0.55	  -0.17
 -0.54	  -0.17
 -0.53	  -0.17
 -0.52	  -0.17
 -0.51	  -0.17
 -0.50	  -0.17
 -0.49	  -0.17
 -0.48	  -0.17
 -0.47	  -0.17
 -0.46	  -0.17
 -0.45	  -0.17
 -0.44	  -0.17
 -0.43	  -0.17
 -0.42	  -0.17
 -0.41	  -0.17
 -0.40	  -0.17
 -0.39	  -0.17
 -0.38	  -0.17
 -0.37	  -0.17
 -0.36	  -0.17
 -0.35	  -0.17
 -0.34	  -0.17
 -0.33	  -0.17
 -0.32	  -0.17
 -0.31	  -0.17
 -0.30	  -0.17
 -0.29	  -0.17
 -0.28	  -0.17
 -0.64	  -0.16
 -0.63	  -0.16
 -0.62	  -0.16
 -0.61	  -0.16
 -0.60	  -0.16
 -0.59	  -0.16
 -0.58	  -0.16
 -0.57	  -0.16
 -0.56	  -0.16
 -0.55	  -0.16
 -0.54	  -0.16
 -0.53	  -0.16
 -0.52	  -0.16
 -0.51	  -0.16
 -0.50	  -0.16
 -0.49	  -0.16
 -0.48	  -0.16
 -0.47	  -0.16
 -0.46	  -0.16
 -0.45	  -0.16
 -0.44	  -0.16
 -0.43	  -0.16
 -0.42	  -0.16
 -0.41	  -0.16
 -0.40	  -0.16
 -0.39	  -0.16
 -0.38	  -0.16
 -0.37	  -0.16
 -0.36	  -0.16
 -0.35	  -0.16
 -0.34	  -0.16
 -0.33	  -0.16
 -0.32	  -0.16
 -0.31	  -0.16
 -0.30	  -0.16
 -0.29	  -0.16
 -0.28	  -0.16
 -0.27	  -0.16
 -0.26	  -0.16
 -0.25	  -0.16
 -0.24	  -0.16
 -0.60	  -0.15
 -0.59	  -0.15
 -0.58	  -0.15
 -0.57	  -0.15
 -0.56	  -0.15
 -0.55	  -0.15
 -0.54	  -0.15
 -0.53	  -0.15
 -0.52	  -0.15
 -0.51	  -0.15
 -0.50	  -0.15
 -0.49	  -0.15
 -0.48	  -0.15
 -0.47	  -0.15
 -0.46	  -0.15
 -0.45	  -0.15
 -0.44	  -0.15
 -0.43	  -0.15
 -0.42	  -0.15
 -0.41	  -0.15
 -0.40	  -0.15
 -0.39	  -0.15
 -0.38	  -0.15
 -0.37	  -0.15
 -0.36	  -0.15
 -0.35	  -0.15
 -0.34	  -0.15
 -0.33	  -0.15
 -0.32	  -0.15
 -0.31	  -0.15
 -0.30	  -0.15
 -0.29	  -0.15
 -0.28	  -0.15
 -0.27	  -0.15
 -0.26	  -0.15
 -0.25	  -0.15
 -0.24	  -0.15
 -0.23	  -0.15
 -0.22	  -0.15
 -0.21	  -0.15
 -0.20	  -0.15
 -0.56	  -0.14
 -0.55	  -0.14
 -0.54	  -0.14
 -0.53	  -0.14
 -0.52	  -0.14
 -0.51	  -0.14
 -0.50	  -0.14
 -0.49	  -0.14
 -0.48	  -0.14
 -0.47	  -0.14
 -0.46	  -0.14
 -0.45	  -0.14
 -0.44	  -0.14
 -0.43	  -0.14
 -0.42	  -0.14
 -0.41	  -0.14
 -0.40	  -0.14
 -0.39	  -0.14
 -0.38	  -0.14
 -0.37	  -0.14
 -0.36	  -0.14
 -0.35	  -0.14
 -0.34	  -0.14
 -0.33	  -0.14
 -0.32	  -0.14
 -0.31	  -0.14
 -0.30	  -0.14
 -0.29	  -0.14
 -0.28	  -0.14
 -0.27	  -0.14
 -0.26	  -0.14
 -0.25	  -0.14
 -0.24	  -0.14
 -0.23	  -0.14
 -0.22	  -0.14
 -0.21	  -0.14
 -0.20	  -0.14
 -0.19	  -0.14
 -0.18	  -0.14
 -0.17	  -0.14
 -0.16	  -0.14
 -0.52	  -0.13
 -0.51	  -0.13
 -0.50	  -0.13
 -0.49	  -0.13
 -0.48	  -0.13
 -0.47	  -0.13
 -0.46	  -0.13
 -0.45	  -0.13
 -0.44	  -0.13
 -0.43	  -0.13
 -0.42	  -0.13
 -0.41	  -0.13
 -0.40	  -0.13
 -0.39	  -0.13
 -0.38	  -0.13
 -0.37	  -0.13
 -0.36	  -0.13
 -0.35	  -0.13
 -0.34	  -0.13
 -0.33	  -0.13
 -0.32	  -0.13
 -0.31	  -0.13
 -0.30	  -0.13
 -0.29	  -0.13
 -0.28	  -0.13
 -0.27	  -0.13
 -0.26	  -0.13
 -0.25	  -0.13
 -0.24	  -0.13
 -0.23	  -0.13
 -0.22	  -0.13
 -0.21	  -0.13
 -0.20	  -0.13
 -0.19	  -0.13
 -0.18	  -0.13
 -0.17	  -0.13
 -0.16	  -0.13
 -0.15	  -0.13
 -0.14	  -0.13
 -0.13	  -0.13
 -0.12	  -0.13
 -0.48	  -0.12
 -0.47	  -0.12
 -0.46	  -0.12
 -0.45	  -0.12
 -0.44	  -0.12
 -0.43	  -0.12
 -0.42	  -0.12
 -0.41	  -0.12
 -0.40	  -0.12
 -0.39	  -0.12
 -0.38	  -0.12
 -0.37	  -0.12
 -0.36	  -0.12
 -0.35	  -0.12
 -0.34	  -0.12
 -0.33	  -0.12
 -0.32	  -0.12
 -0.31	  -0.12
 -0.30	  -0.12
 -0.29	  -0.12
 -0.28	  -0.12
 -0.27	  -0.12
 -0.26	  -0.12
 -0.25	  -0.12
 -0.24	  -0.12
 -0.23	  -0.12
 -0.22	  -0.12
 -0.21	  -0.12
 -0.20	  -0.12
 -0.19	  -0.12
 -0.18	  -0.12
 -0.17	  -0.12
 -0.16	  -0.12
 -0.15	  -0.12
 -0.14	  -0.12
 -0.13	  -0.12
 -0.12	  -0.12
 -0.11	  -0.12
 -0.10	  -0.12
 -0.09	  -0.12
 -0.08	  -0.12
 -0.44	  -0.11
 -0.43	  -0.11
 -0.42	  -0.11
 -0.41	  -0.11
 -0.40	  -0.11
 -0.39	  -0.11
 -0.38	  -0.11
 -0.37	  -0.11
 -0.36	  -0.11
 -0.35	  -0.11
 -0.34	  -0.11
 -0.33	  -0.11
 -0.32	  -0.11
 -0.31	  -0.11
 -0.30	  -0.11
 -0.29	  -0.11
 -0.28	  -0.11
 -0.27	  -0.11
 -0.26	  -0.11
 -0.25	  -0.11
 -0.24	  -0.11
 -0.23	  -0.11
 -0.22	  -0.11
 -0.21	  -0.11
 -0.20	  -0.11
 -0.19	  -0.11
 -0.18	  -0.11
 -0.17	  -0.11
 -0.16	  -0.11
 -0.15	  -0.11
 -0.14	  -0.11
 -0.13	  -0.11
 -0.12	  -0.11
 -0.11	  -0.11
 -0.10	  -0.11
 -0.09	  -0.11
 -0.08	  -0.11
 -0.07	  -0.11
 -0.06	  -0.11
 -0.05	  -0.11
 -0.04	  -0.11
 -0.39	  -0.10
 -0.38	  -0.10
 -0.37	  -0.10
 -0.36	  -0.10
 -0.35	  -0.10
 -0.34	  -0.10
 -0.33	  -0.10
 -0.32	  -0.10
 -0.31	  -0.10
 -0.30	  -0.10
 -0.29	  -0.10
 -0.28	  -0.10
 -0.27	  -0.10
 -0.26	  -0.10
 -0.25	  -0.10
 -0.24	  -0.10
 -0.23	  -0.10
 -0.22	  -0.10
 -0.21	  -0.10
 -0.20	  -0.10
 -0.19	  -0.10
 -0.18	  -0.10
 -0.17	  -0.10
 -0.16	  -0.10
 -0.15	  -0.10
 -0.14	  -0.10
 -0.13	  -0.10
 -0.12	  -0.10
 -0.11	  -0.10
 -0.10	  -0.10
 -0.09	  -0.10
 -0.08	  -0.10
 -0.07	  -0.10
 -0.06	  -0.10
 -0.05	  -0.10
 -0.04	  -0.10
 -0.03	  -0.10
 -0.02	  -0.10
 -0.01	  -0.10
  0.00	  -0.10
 -0.36	  -0.09
 -0.35	  -0.09
 -0.34	  -0.09
 -0.33	  -0.09
 -0.32	  -0.09
 -0.31	  -0.09
 -0.30	  -0.09
 -0.29	  -0.09
 -0.28	  -0.09
 -0.27	  -0.09
 -0.26	  -0.09
 -0.25	  -0.09
 -0.24	  -0.09
 -0.23	  -0.09
 -0.22	  -0.09
 -0.21	  -0.09
 -0.20	  -0.09
 -0.19	  -0.09
 -0.18	  -0.09
 -0.17	  -0.09
 -0.16	  -0.09
 -0.15	  -0.09
 -0.14	  -0.09
 -0.13	  -0.09
 -0.12	  -0.09
 -0.11	  -0.09
 -0.10	  -0.09
 -0.09	  -0.09
 -0.08	  -0.09
 -0.07	  -0.09
 -0.06	  -0.09
 -0.05	  -0.09
 -0.04	  -0.09
 -0.03	  -0.09
 -0.02	  -0.09
 -0.01	  -0.09
  0.00	  -0.09
 -0.32	  -0.08
 -0.31	  -0.08
 -0.30	  -0.08
 -0.29	  -0.08
 -0.28	  -0.08
 -0.27	  -0.08
 -0.26	  -0.08
 -0.25	  -0.08
 -0.24	  -0.08
 -0.23	  -0.08
 -0.22	  -0.08
 -0.21	  -0.08
 -0.20	  -0.08
 -0.19	  -0.08
 -0.18	  -0.08
 -0.17	  -0.08
 -0.16	  -0.08
 -0.15	  -0.08
 -0.14	  -0.08
 -0.13	  -0.08
 -0.12	  -0.08
 -0.11	  -0.08
 -0.10	  -0.08
 -0.09	  -0.08
 -0.08	  -0.08
 -0.07	  -0.08
 -0.06	  -0.08
 -0.05	  -0.08
 -0.04	  -0.08
 -0.03	  -0.08
 -0.02	  -0.08
 -0.01	  -0.08
  0.00	  -0.08
 -0.28	  -0.07
 -0.27	  -0.07
 -0.26	  -0.07
 -0.25	  -0.07
 -0.24	  -0.07
 -0.23	  -0.07
 -0.22	  -0.07
 -0.21	  -0.07
 -0.20	  -0.07
 -0.19	  -0.07
 -0.18	  -0.07
 -0.17	  -0.07
 -0.16	  -0.07
 -0.15	  -0.07
 -0.14	  -0.07
 -0.13	  -0.07
 -0.12	  -0.07
 -0.11	  -0.07
 -0.10	  -0.07
 -0.09	  -0.07
 -0.08	  -0.07
 -0.07	  -0.07
 -0.06	  -0.07
 -0.05	  -0.07
 -0.04	  -0.07
 -0.03	  -0.07
 -0.02	  -0.07
 -0.01	  -0.07
  0.00	  -0.07
 -0.24	  -0.06
 -0.23	  -0.06
 -0.22	  -0.06
 -0.21	  -0.06
 -0.20	  -0.06
 -0.19	  -0.06
 -0.18	  -0.06
 -0.17	  -0.06
 -0.16	  -0.06
 -0.15	  -0.06
 -0.14	  -0.06
 -0.13	  -0.06
 -0.12	  -0.06
 -0.11	  -0.06
 -0.10	  -0.06
 -0.09	  -0.06
 -0.08	  -0.06
 -0.07	  -0.06
 -0.06	  -0.06
 -0.05	  -0.06
 -0.04	  -0.06
 -0.03	  -0.06
 -0.02	  -0.06
 -0.01	  -0.06
  0.00	  -0.06
 -0.20	  -0.05
 -0.19	  -0.05
 -0.18	  -0.05
 -0.17	  -0.05
 -0.16	  -0.05
 -0.15	  -0.05
 -0.14	  -0.05
 -0.13	  -0.05
 -0.12	  -0.05
 -0.11	  -0.05
 -0.10	  -0.05
 -0.09	  -0.05
 -0.08	  -0.05
 -0.07	  -0.05
 -0.06	  -0.05
 -0.05	  -0.05
 -0.04	  -0.05
 -0.03	  -0.05
 -0.02	  -0.05
 -0.01	  -0.05
  0.00	  -0.05
 -0.15	  -0.04
 -0.14	  -0.04
 -0.13	  -0.04
 -0.12	  -0.04
 -0.11	  -0.04
 -0.10	  -0.04
 -0.09	  -0.04
 -0.08	  -0.04
 -0.07	  -0.04
 -0.06	  -0.04
 -0.05	  -0.04
 -0.04	  -0.04
 -0.03	  -0.04
 -0.02	  -0.04
 -0.01	  -0.04
  0.00	  -0.04
 -0.11	  -0.03
 -0.10	  -0.03
 -0.09	  -0.03
 -0.08	  -0.03
 -0.07	  -0.03
 -0.06	  -0.03
 -0.05	  -0.03
 -0.04	  -0.03
 -0.03	  -0.03
 -0.02	  -0.03
 -0.01	  -0.03
  0.00	  -0.03
 -0.08	  -0.02
 -0.07	  -0.02
 -0.06	  -0.02
 -0.05	  -0.02
 -0.04	  -0.02
 -0.03	  -0.02
 -0.02	  -0.02
 -0.01	  -0.02
  0.00	  -0.02
 -0.04	  -0.01
 -0.03	  -0.01
 -0.02	  -0.01
 -0.01	  -0.01
  0.00	  -0.01
